=================== SIMULATIONS: Linear scale GPD unbounded and bounded fits ===================

==== X1 indep. X2: ====
First 15 values:
   min_scale_F1 min_scale_F2 min_scale_F1_tconstr min_scale_F2_tconstr min_scale_F1_lconstr min_scale_F2_lconstr
1    0.61658047    0.6823266            0.6151700            0.6815271            0.6151700            0.6815271
2    0.51108830    0.7681366            0.5123080            0.7686928            0.5123080            0.7686928
3    0.83798683    0.7498080            0.8386539            0.7510662            0.8386539            0.7510662
4    0.53461519    0.6237473            0.5350687            0.6225750            0.5350687            0.6225750
5    0.50333434    0.7159424            0.5063692            0.7152263            0.5063692            0.7152263
6    0.84413052    0.8257516            0.8430800            0.8257322            0.8430800            0.8257322
7    0.69962907    0.7749670            0.6990525            0.7746910            0.6990525            0.7746910
8    0.90739641    0.5545101            0.9075823            0.5559036            0.9075823            0.5559036
9   -0.07735954    0.3778928            0.3165110            0.3719648            0.3165110            0.3719648
10   0.80515023    0.7530369            0.8053355            0.7528407            0.8053355            0.7528407
11   0.55880124    0.7153926            0.5617206            0.7156935            0.5617206            0.7156935
12   0.45677430    0.7095970            0.4580059            0.7101572            0.4580059            0.7101572
13   0.63488043    0.7422015            0.6364508            0.7404522            0.6364508            0.7404522
14   0.80256019    0.8402013            0.8038205            0.8393041            0.8038205            0.8393041
15   0.77607335    0.6769447            0.7753307            0.6773008            0.7753307            0.6773008
Number of neative min. scales among the 200 simulations:
        min_scale_F1         min_scale_F2 min_scale_F1_tconstr min_scale_F2_tconstr min_scale_F1_lconstr min_scale_F2_lconstr 
                   2                    2                    0                    0                    0                    0 

==== X1 X2 with confounder: ====
First 15 values:
   min_scale_F1 min_scale_F2 min_scale_F1_tconstr min_scale_F2_tconstr min_scale_F1_lconstr min_scale_F2_lconstr
1     -1.569887    -1.633912            0.3002663            0.2581982            0.3002663            0.2581982
2     -2.783911    -3.147450            0.2935894            0.3154262            0.2935894            0.3154262
3     -1.928529    -2.028472            0.2649716            0.2469351            0.2649716            0.2469351
4     -2.067934    -2.172453            0.2354239            0.2585861            0.2354239            0.2585861
5     -2.307166    -2.208996            0.2891729            0.2245565            0.2891729            0.2245565
6     -1.516539    -1.692994            0.2733271            0.2131746            0.2733271            0.2131746
7     -2.772535    -3.168410            0.2652563            0.2736429            0.2652563            0.2736429
8     -1.249780    -1.493108            0.2363392            0.2290555            0.2363392            0.2290555
9     -1.289112    -0.993074            0.2243973            0.2800228            0.2243973            0.2800228
10    -2.519068    -2.898411            0.2830336            0.2816186            0.2830336            0.2816186
11    -3.959962    -3.937209            0.3022631            0.3053565            0.3022631            0.3053565
12    -1.611422    -1.530986            0.2014957            0.2260156            0.2014957            0.2260156
13    -1.697157    -1.731901            0.2395594            0.2353128            0.2395594            0.2353128
14    -2.120418    -2.152251            0.2677405            0.2966663            0.2677405            0.2966663
15    -1.683055    -1.766443            0.2424611            0.2770829            0.2424611            0.2770829
Number of neative min. scales among the 200 simulations:
        min_scale_F1         min_scale_F2 min_scale_F1_tconstr min_scale_F2_tconstr min_scale_F1_lconstr min_scale_F2_lconstr 
                 200                  200                    0                    0                    0                    0 

==== X1 -> X2: ====
First 15 values:
   min_scale_F1 min_scale_F2 min_scale_F1_tconstr min_scale_F2_tconstr min_scale_F1_lconstr min_scale_F2_lconstr
1    0.61658047    1.1237882            0.6151700            1.1245064            0.6151700            1.1245064
2    0.51108830    1.0248479            0.5123080            1.0245379            0.5123080            1.0245379
3    0.83798683    0.9408502            0.8386539            0.9391859            0.8386539            0.9391859
4    0.53461519    0.8717618            0.5350687            0.8721183            0.5350687            0.8721183
5    0.50333434    1.1254989            0.5063692            1.1238709            0.5063692            1.1238709
6    0.84413052    0.7136799            0.8430800            0.7130291            0.8430800            0.7130291
7    0.69962907    0.8241891            0.6990525            0.8230681            0.6990525            0.8230681
8    0.90739641    0.9160504            0.9075823            0.9165910            0.9075823            0.9165910
9   -0.07735954   -0.4214285            0.3165110            0.3676678            0.3165110            0.3676678
10   0.80515023    0.7612173            0.8053355            0.7559505            0.8053355            0.7559505
11   0.55880124    0.9569312            0.5617206            0.9543268            0.5617206            0.9543268
12   0.45677430    0.5578107            0.4580059            0.5583086            0.4580059            0.5583086
13   0.63488043    1.0754586            0.6364508            1.0791060            0.6364508            1.0791060
14   0.80256019    0.9818578            0.8038205            0.9839604            0.8038205            0.9839604
15   0.77607335    0.9362254            0.7753307            0.9369729            0.7753307            0.9369729
Number of neative min. scales among the 200 simulations:
        min_scale_F1         min_scale_F2 min_scale_F1_tconstr min_scale_F2_tconstr min_scale_F1_lconstr min_scale_F2_lconstr 
                   2                    2                    0                    0                    0                    0 

==== X1 -> X2 with confounder: ====
First 15 values:
   min_scale_F1 min_scale_F2 min_scale_F1_tconstr min_scale_F2_tconstr min_scale_F1_lconstr min_scale_F2_lconstr
1     -1.569887    -6.223643            0.3002663            0.3890133            0.3002663            0.3890133
2     -2.783911   -10.011826            0.2935894            0.4067460            0.2935894            0.4067460
3     -1.928529    -5.911968            0.2649716            0.3124625            0.2649716            0.3124625
4     -2.067934    -7.091779            0.2354239            0.3542172            0.2354239            0.3542172
5     -2.307166    -6.954415            0.2891729            0.3878895            0.2891729            0.3878895
6     -1.516539    -5.337299            0.2733271            0.4215356            0.2733271            0.4215356
7     -2.772535    -9.630363            0.2652563            0.3944164            0.2652563            0.3944164
8     -1.249780    -4.885934            0.2363392            0.3206684            0.2363392            0.3206684
9     -1.289112    -4.495617            0.2243973            0.3397389            0.2243973            0.3397389
10    -2.519068    -8.777557            0.2830336            0.4368946            0.2830336            0.4368946
11    -3.959962   -11.317554            0.3022631            0.5345750            0.3022631            0.5345750
12    -1.611422    -4.549605            0.2014957            0.2941469            0.2014957            0.2941469
13    -1.697157    -6.329417            0.2395594            0.3547305            0.2395594            0.3547305
14    -2.120418    -7.636076            0.2677405            0.3803350            0.2677405            0.3803350
15    -1.683055    -5.436044            0.2424611            0.2824206            0.2424611            0.2824206
Number of neative min. scales among the 200 simulations:
        min_scale_F1         min_scale_F2 min_scale_F1_tconstr min_scale_F2_tconstr min_scale_F1_lconstr min_scale_F2_lconstr 
                 200                  200                    0                    0                    0                    0 
