=================== SIMULATIONS: Linear scale GPD unbounded and bounded fits ===================

==== X1 indep. X2: ====
First 15 values:
   min_scale_F1 min_scale_F2 min_scale_F1_tconstr min_scale_F2_tconstr min_scale_F1_lconstr min_scale_F2_lconstr
1     0.7750803    0.8568998            0.7728399            0.8561630            0.7728399            0.8561630
2     0.7665051    0.7338802            0.7620766            0.7310520            0.7620766            0.7310520
3     0.7121027    0.7908484            0.7099950            0.7898829            0.7099950            0.7898829
4     0.7501256    0.8524341            0.7458918            0.8503056            0.7458918            0.8503056
5     0.8741170    0.7565569            0.8713154            0.7558532            0.8713154            0.7558532
6     0.7192961    0.8107494            0.7190486            0.8090251            0.7190486            0.8090251
7     0.7242274    0.8208056            0.7239259            0.8221809            0.7239259            0.8221809
8     0.8234165    0.6834186            0.8255767            0.6818961            0.8255767            0.6818961
9     0.8468007    0.8347794            0.8508361            0.8362476            0.8508361            0.8362476
10    0.8352269    0.8644852            0.8359841            0.8636566            0.8359841            0.8636566
11    0.8048228    0.5751518            0.8056419            0.5768697            0.8056419            0.5768697
12    0.6617958    0.6453641            0.6665838            0.6431567            0.6665838            0.6431567
13    0.6901514    0.7590861            0.6907453            0.7579306            0.6907453            0.7579306
14    0.6769895    0.7904996            0.6787697            0.7876561            0.6787697            0.7876561
15    0.7972372    0.6456325            0.8002039            0.6416617            0.8002039            0.6416617
Number of neative min. scales among the 200 simulations:
        min_scale_F1         min_scale_F2 min_scale_F1_tconstr min_scale_F2_tconstr min_scale_F1_lconstr min_scale_F2_lconstr 
                   1                    0                    0                    0                    0                    0 

==== X1 X2 with confounder: ====
First 15 values:
   min_scale_F1 min_scale_F2 min_scale_F1_tconstr min_scale_F2_tconstr min_scale_F1_lconstr min_scale_F2_lconstr
1     -6.382213    -6.411008            0.3039134            0.3164786            0.3039134            0.3164786
2     -1.886226    -3.345802            0.2689607            0.3036800            0.2689607            0.3036800
3     -2.359836    -2.339666            0.2696451            0.2784683            0.2696451            0.2784683
4     -3.654761    -3.716184            0.2819306            0.2915206            0.2819306            0.2915206
5     -3.560908    -3.731103            0.2968323            0.2785711            0.2968323            0.2785711
6     -3.259084    -3.452772            0.2937594            0.3026626            0.2937594            0.3026626
7     -3.232252    -3.216542            0.2824556            0.2797192            0.2824556            0.2797192
8     -1.908469    -2.195681            0.2798115            0.2737694            0.2798115            0.2737694
9     -3.260637    -3.015657            0.2837891            0.2855265            0.2837891            0.2855265
10    -5.019896    -3.688352            0.3143316            0.3085145            0.3143316            0.3085145
11    -3.442915    -4.418964            0.3041225            0.3104145            0.3041225            0.3104145
12    -2.333353    -4.447058            0.3083254            0.2961179            0.3083254            0.2961179
13    -3.279297    -3.333720            0.2760804            0.2764280            0.2760804            0.2764280
14    -3.260865    -3.162135            0.2931560            0.2734958            0.2931560            0.2734958
15    -5.654387    -5.749989            0.3172909            0.3123520            0.3172909            0.3123520
Number of neative min. scales among the 200 simulations:
        min_scale_F1         min_scale_F2 min_scale_F1_tconstr min_scale_F2_tconstr min_scale_F1_lconstr min_scale_F2_lconstr 
                 200                  200                    0                    0                    0                    0 

==== X1 -> X2: ====
First 15 values:
   min_scale_F1 min_scale_F2 min_scale_F1_tconstr min_scale_F2_tconstr min_scale_F1_lconstr min_scale_F2_lconstr
1     0.7750803    0.9782421            0.7728399            0.9793544            0.7728399            0.9793544
2     0.7665051    1.0376351            0.7620766            1.0385649            0.7620766            1.0385649
3     0.7121027    0.9885984            0.7099950            0.9876292            0.7099950            0.9876292
4     0.7501256    1.0176341            0.7458918            1.0194093            0.7458918            1.0194093
5     0.8741170    0.8968889            0.8713154            0.8951036            0.8713154            0.8951036
6     0.7192961    1.0381668            0.7190486            1.0350989            0.7190486            1.0350989
7     0.7242274    1.0217614            0.7239259            1.0235762            0.7239259            1.0235762
8     0.8234165    0.9956266            0.8255767            0.9956916            0.8255767            0.9956916
9     0.8468007    1.1160215            0.8508361            1.1193813            0.8508361            1.1193813
10    0.8352269    0.8806071            0.8359841            0.8841141            0.8359841            0.8841141
11    0.8048228    1.1260679            0.8056419            1.1253065            0.8056419            1.1253065
12    0.6617958    1.0953703            0.6665838            1.0883985            0.6665838            1.0883985
13    0.6901514    0.8163173            0.6907453            0.8138333            0.6907453            0.8138333
14    0.6769895    0.7839409            0.6787697            0.7901740            0.6787697            0.7901740
15    0.7972372    1.0801225            0.8002039            1.0777272            0.8002039            1.0777272
Number of neative min. scales among the 200 simulations:
        min_scale_F1         min_scale_F2 min_scale_F1_tconstr min_scale_F2_tconstr min_scale_F1_lconstr min_scale_F2_lconstr 
                   1                    0                    0                    0                    0                    0 

==== X1 -> X2 with confounder: ====
First 15 values:
   min_scale_F1 min_scale_F2 min_scale_F1_tconstr min_scale_F2_tconstr min_scale_F1_lconstr min_scale_F2_lconstr
1     -6.382213   -17.990805            0.3039134            0.4920960            0.3039134            0.4920960
2     -1.886226    -9.726859            0.2689607            0.4251164            0.2689607            0.4251164
3     -2.359836    -4.942415            0.2696451            0.3956102            0.2696451            0.3956102
4     -3.654761    -7.894689            0.2819306            0.4383329            0.2819306            0.4383329
5     -3.560908    -8.157291            0.2968323            0.4453320            0.2968323            0.4453320
6     -3.259084    -8.395597            0.2937594            0.4385779            0.2937594            0.4385779
7     -3.232252    -8.625158            0.2824556            0.4285804            0.2824556            0.4285804
8     -1.908469    -5.029742            0.2798115            0.4097617            0.2798115            0.4097617
9     -3.260637    -9.145083            0.2837891            0.4301819            0.2837891            0.4301819
10    -5.019896   -13.720663            0.3143316            0.4921447            0.3143316            0.4921447
11    -3.442915    -6.339925            0.3041225            0.4439722            0.3041225            0.4439722
12    -2.333353   -10.998042            0.3083254            0.4419769            0.3083254            0.4419769
13    -3.279297    -9.116074            0.2760804            0.4215077            0.2760804            0.4215077
14    -3.260865    -7.727342            0.2931560            0.4253580            0.2931560            0.4253580
15    -5.654387   -14.162474            0.3172909            0.4796802            0.3172909            0.4796802
Number of neative min. scales among the 200 simulations:
        min_scale_F1         min_scale_F2 min_scale_F1_tconstr min_scale_F2_tconstr min_scale_F1_lconstr min_scale_F2_lconstr 
                 200                  200                    0                    0                    0                    0 
