=================== SIMULATIONS: Linear scale GPD unbounded and bounded fits ===================

==== X1 indep. X2: ====
First 15 values:
   min_scale_F1 min_scale_F2 min_scale_F1_tconstr min_scale_F2_tconstr min_scale_F1_lconstr min_scale_F2_lconstr
1     0.6078044    0.5764415            0.6099668            0.5813869            0.6099668            0.5813869
2     0.8318218    0.5543504            0.8315558            0.5575959            0.8315558            0.5575959
3     0.7563591    0.7439867            0.7552001            0.7442994            0.7552001            0.7442994
4     0.7401622    0.3976341            0.7393861            0.3972333            0.7393861            0.3972333
5     0.7488034    0.7208678            0.7488626            0.7191717            0.7488626            0.7191717
6     0.6506234    0.7472649            0.6510832            0.7467534            0.6510832            0.7467534
7     0.5318010    0.8176138            0.5322174            0.8172218            0.5322174            0.8172218
8     0.7078659    0.5702328            0.7074770            0.5719860            0.7074770            0.5719860
9     0.7187157    0.7329709            0.7202952            0.7292342            0.7202952            0.7292342
10    0.8568068    0.8432037            0.8579672            0.8431819            0.8579672            0.8431819
11    0.7405084    0.7590098            0.7416978            0.7605816            0.7416978            0.7605816
12    0.7016076    0.7846970            0.7031512            0.7855089            0.7031512            0.7855089
13    0.7645696    0.8494970            0.7631068            0.8485673            0.7631068            0.8485673
14    0.4818500    0.5296486            0.4834347            0.5283018            0.4834347            0.5283018
15    0.7440091    0.7552075            0.7456054            0.7562581            0.7456054            0.7562581
Number of neative min. scales among the 200 simulations:
        min_scale_F1         min_scale_F2 min_scale_F1_tconstr min_scale_F2_tconstr min_scale_F1_lconstr min_scale_F2_lconstr 
                   3                    1                    0                    0                    0                    0 

==== X1 X2 with confounder: ====
First 15 values:
   min_scale_F1 min_scale_F2 min_scale_F1_tconstr min_scale_F2_tconstr min_scale_F1_lconstr min_scale_F2_lconstr
1     -2.873187    -3.244514            0.2933550            0.2951781            0.2933550            0.2951781
2     -3.406973    -3.330039            0.2996227            0.2959821            0.2996227            0.2959821
3     -1.975573    -1.755478            0.2607286            0.2599797            0.2607286            0.2599797
4     -2.265970    -2.078741            0.2694355            0.2473536            0.2694355            0.2473536
5     -3.645886    -3.595005            0.2712035            0.2895627            0.2712035            0.2895627
6     -1.867876    -1.795412            0.2419994            0.2741670            0.2419994            0.2741670
7     -3.228052    -3.082548            0.2718047            0.2826874            0.2718047            0.2826874
8     -1.371121    -1.056063            0.2263566            0.2580899            0.2263566            0.2580899
9     -1.557496    -1.666555            0.2782110            0.2842270            0.2782110            0.2842270
10    -2.859490    -2.483819            0.2877247            0.2771475            0.2877247            0.2771475
11    -4.568136    -4.758506            0.3031858            0.2849149            0.3031858            0.2849149
12    -1.309448    -1.401493            0.2291323            0.2370147            0.2291323            0.2370147
13    -1.776445    -1.862390            0.2434486            0.2157819            0.2434486            0.2157819
14    -2.510451    -2.585307            0.2850652            0.2710327            0.2850652            0.2710327
15    -1.802853    -1.693543            0.2840047            0.2473397            0.2840047            0.2473397
Number of neative min. scales among the 200 simulations:
        min_scale_F1         min_scale_F2 min_scale_F1_tconstr min_scale_F2_tconstr min_scale_F1_lconstr min_scale_F2_lconstr 
                 200                  200                    0                    0                    0                    0 

==== X1 -> X2: ====
First 15 values:
   min_scale_F1 min_scale_F2 min_scale_F1_tconstr min_scale_F2_tconstr min_scale_F1_lconstr min_scale_F2_lconstr
1     0.6078044    0.9911852            0.6099668            0.9910131            0.6099668            0.9910131
2     0.8318218    0.8515800            0.8315558            0.8518295            0.8315558            0.8518295
3     0.7563591    1.0748472            0.7552001            1.0746105            0.7552001            1.0746105
4     0.7401622    1.0376461            0.7393861            1.0377209            0.7393861            1.0377209
5     0.7488034    0.8496383            0.7488626            0.8499862            0.7488626            0.8499862
6     0.6506234    0.7400548            0.6510832            0.7405820            0.6510832            0.7405820
7     0.5318010    0.8239719            0.5322174            0.8196099            0.5322174            0.8196099
8     0.7078659    0.9926949            0.7074770            0.9919102            0.7074770            0.9919102
9     0.7187157    0.7977738            0.7202952            0.7981279            0.7202952            0.7981279
10    0.8568068    1.0398159            0.8579672            1.0397369            0.8579672            1.0397369
11    0.7405084    1.1236661            0.7416978            1.1229897            0.7416978            1.1229897
12    0.7016076    0.7382150            0.7031512            0.7362226            0.7031512            0.7362226
13    0.7645696    0.8130512            0.7631068            0.8139360            0.7631068            0.8139360
14    0.4818500    0.9684833            0.4834347            0.9695487            0.4834347            0.9695487
15    0.7440091    0.9577939            0.7456054            0.9565990            0.7456054            0.9565990
Number of neative min. scales among the 200 simulations:
        min_scale_F1         min_scale_F2 min_scale_F1_tconstr min_scale_F2_tconstr min_scale_F1_lconstr min_scale_F2_lconstr 
                   3                    0                    0                    0                    0                    0 

==== X1 -> X2 with confounder: ====
First 15 values:
   min_scale_F1 min_scale_F2 min_scale_F1_tconstr min_scale_F2_tconstr min_scale_F1_lconstr min_scale_F2_lconstr
1     -2.873187    -8.566068            0.2933550            0.4235743            0.2933550            0.4235743
2     -3.406973   -10.908691            0.2996227            0.4385088            0.2996227            0.4385088
3     -1.975573    -6.281138            0.2607286            0.3740803            0.2607286            0.3740803
4     -2.265970    -6.694413            0.2694355            0.3822037            0.2694355            0.3822037
5     -3.645886   -11.258910            0.2712035            0.4418475            0.2712035            0.4418475
6     -1.867876    -6.053458            0.2419994            0.4095785            0.2419994            0.4095785
7     -3.228052    -8.661584            0.2718047            0.4077211            0.2718047            0.4077211
8     -1.371121    -4.284915            0.2263566            0.3002493            0.2263566            0.3002493
9     -1.557496    -5.791049            0.2782110            0.3647115            0.2782110            0.3647115
10    -2.859490    -8.185824            0.2877247            0.4296138            0.2877247            0.4296138
11    -4.568136   -11.965412            0.3031858            0.4287908            0.3031858            0.4287908
12    -1.309448    -4.949581            0.2291323            0.2621598            0.2291323            0.2621598
13    -1.776445    -6.246180            0.2434486            0.3365738            0.2434486            0.3365738
14    -2.510451    -8.450898            0.2850652            0.3722187            0.2850652            0.3722187
15    -1.802853    -5.103519            0.2840047            0.3880195            0.2840047            0.3880195
Number of neative min. scales among the 200 simulations:
        min_scale_F1         min_scale_F2 min_scale_F1_tconstr min_scale_F2_tconstr min_scale_F1_lconstr min_scale_F2_lconstr 
                 200                  200                    0                    0                    0                    0 
