=================== SIMULATIONS: Linear scale GPD CTC distributions ===================

================ X1 indep. X2: ================

==== Gamma_12 ====
Post-fit correction:
      estim   CI_down     CI_up F2_scale0 F2_scale0_se    F2_scale1 F2_scale1_se  F2_shape F2_shape_se F1_scale0 F1_scale0_se
1 0.4721671 0.4708688 0.4734673 0.8645901  0.005881986 -0.003585186  0.004631843 0.1924441 0.005197826 0.8527806  0.005828179
2 0.5021611 0.5008475 0.5034748 0.8554636  0.005837951 -0.005977514  0.004575486 0.2023280 0.005232650 0.8601573  0.005878593
3 0.4849029 0.4835975 0.4862083 0.8651763  0.005901322 -0.003650060  0.004581227 0.1966393 0.005225215 0.8654767  0.005918739
4 0.5161745 0.5148905 0.5174586 0.8647362  0.005907582 -0.002068158  0.004632956 0.1927416 0.005235225 0.8646429  0.005860888
5 0.5077091 0.5063979 0.5090202 0.8709149  0.005906885  0.005130288  0.004553713 0.1826066 0.005163795 0.8721252  0.005946250
      F1_scale1 F1_scale1_se  F1_shape F1_shape_se       u2       u1 conv2 conv1
1  0.0002132921  0.004530837 0.2030993 0.005246209 2.137727 2.132955     0     0
2  0.0034651820  0.004571228 0.1989351 0.005243985 2.129200 2.138490     0     0
3 -0.0028535570  0.004551603 0.1959274 0.005247598 2.137636 2.126959     0     0
4 -0.0036779093  0.004462302 0.1851514 0.005160403 2.129052 2.130034     0     0
5 -0.0021824533  0.004425212 0.1845229 0.005212996 2.130996 2.129513     0     0
Student box-constraints:
        ctc F2_scale0    F2_scale1  F2_shape F1_scale0     F1_scale1  F1_shape
1 0.4721671 0.8645765 -0.003667699 0.1924402 0.8526778  0.0002474936 0.2032108
2 0.5021611 0.8554509 -0.005973991 0.2023621 0.8602340  0.0035563416 0.1989304
3 0.4849029 0.8653579 -0.003624300 0.1965208 0.8654657 -0.0028979316 0.1958939
4 0.5160696 0.8646499 -0.002017938 0.1928118 0.8647228 -0.0037448529 0.1851745
5 0.5077091 0.8709462  0.005076524 0.1826057 0.8721989 -0.0023376089 0.1844226
Linear constraints:
        ctc F2_scale0    F2_scale1  F2_shape F1_scale0     F1_scale1  F1_shape
1 0.4721670 0.8645969 -0.003785559 0.1924693 0.8526209  0.0002389424 0.2031967
2 0.5021611 0.8555047 -0.005892409 0.2023935 0.8601499  0.0035344978 0.1989276
3 0.4849029 0.8653643 -0.003587911 0.1964651 0.8656092 -0.0029025593 0.1959009
4 0.5160696 0.8645962 -0.002043620 0.1929094 0.8646878 -0.0037284765 0.1853121
5 0.5075174 0.8708296  0.004996972 0.1828185 0.8722309 -0.0023113402 0.1844957

================ X1 X2 with confounder: ================

==== Gamma_12 ====
Post-fit correction:
      estim   CI_down     CI_up F2_scale0 F2_scale0_se F2_scale1 F2_scale1_se  F2_shape F2_shape_se F1_scale0 F1_scale0_se F1_scale1
1 0.5226960 0.5214214 0.5239706 0.8858060  0.007388386 0.1656749  0.003064099 0.1209571 0.004573046 0.8852241  0.007411108 0.1683711
2 0.5443564 0.5430847 0.5456281 0.8856041  0.007292805 0.1685017  0.003013073 0.1250037 0.004505910 0.8816429  0.007257382 0.1705557
3 0.5296959 0.5284652 0.5309265 0.8902192  0.007042469 0.1669797  0.002742240 0.1210507 0.004510641 0.9024802  0.007423600 0.1691790
4 0.5531698 0.5519091 0.5544305 0.8859743  0.007346749 0.1689323  0.003087783 0.1155020 0.004558877 0.8761336  0.007238179 0.1694206
5 0.5853648 0.5841457 0.5865841 0.8773245  0.007390071 0.1752844  0.003190316 0.1136735 0.004499701 0.9148133  0.006274307 0.1573087
  F1_scale1_se  F1_shape F1_shape_se       u2       u1 conv2 conv1
1  0.003142620 0.1241073 0.004531028 3.109746 3.100255     0     0
2  0.003034913 0.1252021 0.004529011 3.104645 3.115069     0     0
3  0.003117543 0.1128077 0.004489211 3.118631 3.101713     0     0
4  0.003024156 0.1161891 0.004516936 3.100853 3.103402     0     0
5  0.001624311 0.1051799 0.004437513 3.107190 3.107165     0     0
Student box-constraints:
        ctc F2_scale0  F2_scale1  F2_shape F1_scale0  F1_scale1  F1_shape
1 0.7360564  1.091055 0.01635527 0.1466751  1.096517 0.01630535 0.1479135
2 0.7748795  1.073627 0.02795015 0.1464477  1.068579 0.02804399 0.1498464
3 0.7568805  1.084840 0.02273241 0.1449755  1.099124 0.02260909 0.1380610
4 0.7624645  1.076829 0.02488146 0.1403330  1.069258 0.02490192 0.1408405
5 0.7920032  1.086767 0.02060984 0.1407448  1.094413 0.02060967 0.1364400
Linear constraints:
        ctc F2_scale0  F2_scale1  F2_shape F1_scale0  F1_scale1  F1_shape
1 0.7196147  1.097646 0.02309164 0.1363223  1.103507 0.02321493 0.1370489
2 0.7642150  1.090054 0.03925364 0.1243777  1.079203 0.03886287 0.1337935
3 0.7400772  1.090996 0.03181007 0.1335033  1.105932 0.03224553 0.1236914
4 0.7444815  1.089220 0.03495990 0.1229690  1.078880 0.03462793 0.1259614
5 0.7752761  1.106067 0.02934593 0.1298364  1.103317 0.02927298 0.1233934

================ X1 -> X2: ================

==== Gamma_12 ====
Post-fit correction:
      estim   CI_down     CI_up F2_scale0 F2_scale0_se    F2_scale1 F2_scale1_se  F2_shape F2_shape_se F1_scale0 F1_scale0_se
1 0.9991039 0.9990619 0.9991459  1.113848  0.007418001 -0.005791844  0.005814347 0.1614045 0.004986990 0.8527806  0.005828179
2 0.9991597 0.9991177 0.9992018  1.131064  0.007440140 -0.003384084  0.005948905 0.1576972 0.004875196 0.8601573  0.005878593
3 0.9990605 0.9990168 0.9991042  1.133613  0.007525114 -0.002770008  0.005750839 0.1561746 0.004951688 0.8654767  0.005918739
4 0.9991532 0.9991119 0.9991944  1.124347  0.007448653  0.004260842  0.005609745 0.1508479 0.004933899 0.8646429  0.005860888
5 0.9991110 0.9990704 0.9991516  1.131544  0.007450413  0.010679011  0.005593638 0.1432359 0.004873388 0.8721252  0.005946250
      F1_scale1 F1_scale1_se  F1_shape F1_shape_se       u2       u1 conv2 conv1
1  0.0002132921  0.004530837 0.2030993 0.005246209 3.112453 2.132955     0     0
2  0.0034651820  0.004571228 0.1989351 0.005243985 3.110734 2.138490     0     0
3 -0.0028535570  0.004551603 0.1959274 0.005247598 3.105495 2.126959     0     0
4 -0.0036779093  0.004462302 0.1851514 0.005160403 3.107172 2.130034     0     0
5 -0.0021824533  0.004425212 0.1845229 0.005212996 3.103468 2.129513     0     0
Student box-constraints:
        ctc F2_scale0    F2_scale1  F2_shape F1_scale0     F1_scale1  F1_shape
1 0.9991040  1.114022 -0.005556645 0.1612953 0.8526778  0.0002474936 0.2032108
2 0.9991597  1.131125 -0.003341527 0.1576702 0.8602340  0.0035563416 0.1989304
3 0.9990597  1.133094 -0.002948012 0.1565598 0.8654657 -0.0028979316 0.1958939
4 0.9991540  1.124436  0.004088993 0.1508058 0.8647228 -0.0037448529 0.1851745
5 0.9991109  1.131396  0.010768682 0.1433327 0.8721989 -0.0023376089 0.1844226
Linear constraints:
        ctc F2_scale0    F2_scale1  F2_shape F1_scale0     F1_scale1  F1_shape
1 0.9991039  1.114063 -0.005964725 0.1613072 0.8526209  0.0002389424 0.2031967
2 0.9991596  1.131258 -0.003374398 0.1576471 0.8601499  0.0035344978 0.1989276
3 0.9990592  1.132961 -0.002859843 0.1567281 0.8656092 -0.0029025593 0.1959009
4 0.9991538  1.124525  0.004114259 0.1508056 0.8646878 -0.0037284765 0.1853121
5 0.9991110  1.131342  0.010799563 0.1434460 0.8722309 -0.0023113402 0.1844957

==== Gamma_21 ====
Post-fit correction:
      estim   CI_down     CI_up F2_scale0 F2_scale0_se     F2_scale1 F2_scale1_se  F2_shape F2_shape_se F1_scale0 F1_scale0_se
1 0.8240407 0.8234694 0.8246120 0.8527806  0.005828179  0.0002132921  0.004530837 0.2030993 0.005246209  1.113848  0.007418001
2 0.8004480 0.7998318 0.8010642 0.8601573  0.005878593  0.0034651820  0.004571228 0.1989351 0.005243985  1.131064  0.007440140
3 0.8215632 0.8209651 0.8221613 0.8654767  0.005918739 -0.0028535570  0.004551603 0.1959274 0.005247598  1.133613  0.007525114
4 0.8192225 0.8186297 0.8198152 0.8646429  0.005860888 -0.0036779093  0.004462302 0.1851514 0.005160403  1.124347  0.007448653
5 0.8215987 0.8210063 0.8221911 0.8721252  0.005946250 -0.0021824533  0.004425212 0.1845229 0.005212996  1.131544  0.007450413
     F1_scale1 F1_scale1_se  F1_shape F1_shape_se       u2       u1 conv2 conv1
1 -0.005791844  0.005814347 0.1614045 0.004986990 2.132955 3.112453     0     0
2 -0.003384084  0.005948905 0.1576972 0.004875196 2.138490 3.110734     0     0
3 -0.002770008  0.005750839 0.1561746 0.004951688 2.126959 3.105495     0     0
4  0.004260842  0.005609745 0.1508479 0.004933899 2.130034 3.107172     0     0
5  0.010679011  0.005593638 0.1432359 0.004873388 2.129513 3.103468     0     0
Student box-constraints:
        ctc F2_scale0     F2_scale1  F2_shape F1_scale0    F1_scale1  F1_shape
1 0.8237685 0.8526778  0.0002474936 0.2032108  1.114022 -0.005556645 0.1612953
2 0.8004479 0.8602340  0.0035563416 0.1989304  1.131125 -0.003341527 0.1576702
3 0.8212237 0.8654657 -0.0028979316 0.1958939  1.133094 -0.002948012 0.1565598
4 0.8194917 0.8647228 -0.0037448529 0.1851745  1.124436  0.004088993 0.1508058
5 0.8215987 0.8721989 -0.0023376089 0.1844226  1.131396  0.010768682 0.1433327
Linear constraints:
        ctc F2_scale0     F2_scale1  F2_shape F1_scale0    F1_scale1  F1_shape
1 0.8237526 0.8526209  0.0002389424 0.2031967  1.114063 -0.005964725 0.1613072
2 0.8004480 0.8601499  0.0035344978 0.1989276  1.131258 -0.003374398 0.1576471
3 0.8212235 0.8656092 -0.0029025593 0.1959009  1.132961 -0.002859843 0.1567281
4 0.8194915 0.8646878 -0.0037284765 0.1853121  1.124525  0.004114259 0.1508056
5 0.8215986 0.8722309 -0.0023113402 0.1844957  1.131342  0.010799563 0.1434460

================ X1 -> X2 with confounder: ================

==== Gamma_12 ====
Post-fit correction:
      estim   CI_down     CI_up F2_scale0 F2_scale0_se F2_scale1 F2_scale1_se   F2_shape F2_shape_se F1_scale0 F1_scale0_se F1_scale1
1 0.9944726 0.9943884 0.9945568  1.414673  0.008524422 0.3284396  0.001813664 0.03416348 0.003614121 0.8852241  0.007411108 0.1683711
2 0.9915906 0.9914943 0.9916869  1.342243  0.007914017 0.3610184  0.002027645 0.04956493 0.003335259 0.8816429  0.007257382 0.1705557
3 0.9916593 0.9915590 0.9917596  1.280427  0.007636880 0.3978997  0.002274844 0.03942546 0.003483144 0.9024802  0.007423600 0.1691790
4 0.9927729 0.9926758 0.9928699  1.205326  0.007309246 0.4397219  0.002477197 0.03887122 0.003292077 0.8761336  0.007238179 0.1694206
5 0.9940101 0.9939290 0.9940912  1.289401  0.007672221 0.3990621  0.002252178 0.02750880 0.003479980 0.9148133  0.006274307 0.1573087
  F1_scale1_se  F1_shape F1_shape_se       u2       u1 conv2 conv1
1  0.003142620 0.1241073 0.004531028 5.391019 3.100255     0     0
2  0.003034913 0.1252021 0.004529011 5.401820 3.115069     0     0
3  0.003117543 0.1128077 0.004489211 5.403547 3.101713     0     0
4  0.003024156 0.1161891 0.004516936 5.374697 3.103402     0     0
5  0.001624311 0.1051799 0.004437513 5.386826 3.107165     0     0
Student box-constraints:
        ctc F2_scale0  F2_scale1  F2_shape F1_scale0  F1_scale1  F1_shape
1 0.9980439  1.840266 0.02835329 0.1393302  1.096517 0.01630535 0.1479135
2 0.9986596  1.799221 0.04863089 0.1363855  1.068579 0.02804399 0.1498464
3 0.9982056  1.810664 0.03938768 0.1392465  1.099124 0.02260909 0.1380610
4 0.9982333  1.811596 0.04312694 0.1300555  1.069258 0.02490192 0.1408405
5 0.9983792  1.812075 0.03573056 0.1413702  1.094413 0.02060967 0.1364400
Linear constraints:
        ctc F2_scale0  F2_scale1  F2_shape F1_scale0  F1_scale1  F1_shape
1 0.9978055  1.868949 0.03931788 0.1213988  1.103507 0.02321493 0.1370489
2 0.9985186  1.843630 0.06639041 0.1096329  1.079203 0.03886287 0.1337935
3 0.9980585  1.816126 0.05295257 0.1188312  1.105932 0.03224553 0.1236914
4 0.9978086  1.853546 0.05949192 0.1043592  1.078880 0.03462793 0.1259614
5 0.9982077  1.850018 0.04908420 0.1186074  1.103317 0.02927298 0.1233934

==== Gamma_21 ====
Post-fit correction:
      estim   CI_down     CI_up F2_scale0 F2_scale0_se F2_scale1 F2_scale1_se  F2_shape F2_shape_se F1_scale0 F1_scale0_se F1_scale1
1 0.8662167 0.8657607 0.8666728 0.8852241  0.007411108 0.1683711  0.003142620 0.1241073 0.004531028  1.414673  0.008524422 0.3284396
2 0.8243792 0.8238289 0.8249295 0.8816429  0.007257382 0.1705557  0.003034913 0.1252021 0.004529011  1.342243  0.007914017 0.3610184
3 0.8373688 0.8368141 0.8379235 0.9024802  0.007423600 0.1691790  0.003117543 0.1128077 0.004489211  1.280427  0.007636880 0.3978997
4 0.8345935 0.8339872 0.8351998 0.8761336  0.007238179 0.1694206  0.003024156 0.1161891 0.004516936  1.205326  0.007309246 0.4397219
5 0.8422420 0.8417018 0.8427822 0.9148133  0.006274307 0.1573087  0.001624311 0.1051799 0.004437513  1.289401  0.007672221 0.3990621
  F1_scale1_se   F1_shape F1_shape_se       u2       u1 conv2 conv1
1  0.001813664 0.03416348 0.003614121 3.100255 5.391019     0     0
2  0.002027645 0.04956493 0.003335259 3.115069 5.401820     0     0
3  0.002274844 0.03942546 0.003483144 3.101713 5.403547     0     0
4  0.002477197 0.03887122 0.003292077 3.103402 5.374697     0     0
5  0.002252178 0.02750880 0.003479980 3.107165 5.386826     0     0
Student box-constraints:
        ctc F2_scale0  F2_scale1  F2_shape F1_scale0  F1_scale1  F1_shape
1 0.9729200  1.096517 0.01630535 0.1479135  1.840266 0.02835329 0.1393302
2 0.9565993  1.068579 0.02804399 0.1498464  1.799221 0.04863089 0.1363855
3 0.9703877  1.099124 0.02260909 0.1380610  1.810664 0.03938768 0.1392465
4 0.9727695  1.069258 0.02490192 0.1408405  1.811596 0.04312694 0.1300555
5 0.9754282  1.094413 0.02060967 0.1364400  1.812075 0.03573056 0.1413702
Linear constraints:
        ctc F2_scale0  F2_scale1  F2_shape F1_scale0  F1_scale1  F1_shape
1 0.9704015  1.103507 0.02321493 0.1370489  1.868949 0.03931788 0.1213988
2 0.9534271  1.079203 0.03886287 0.1337935  1.843630 0.06639041 0.1096329
3 0.9701423  1.105932 0.03224553 0.1236914  1.816126 0.05295257 0.1188312
4 0.9720641  1.078880 0.03462793 0.1259614  1.853546 0.05949192 0.1043592
5 0.9742007  1.103317 0.02927298 0.1233934  1.850018 0.04908420 0.1186074
