=================== SIMULATIONS: Linear scale GPD CTC distributions ===================

==== X1 indep. X2: ====
Gamma_12
      estim CI_down CI_up F2_scale0 F2_scale0_se    F2_scale1 F2_scale1_se  F2_shape F2_shape_se F1_scale0 F1_scale0_se
1 0.4704081     NaN   NaN 0.8643378  0.005883338  0.009313298  0.004995848 0.1935283 0.005204564 0.8521277  0.005823075
2 0.4985512     NaN   NaN 0.8538070  0.005827681 -0.000706991  0.005305563 0.2036805 0.005237944 0.8627337  0.005895575
3 0.4873416     NaN   NaN 0.8645843  0.005895980  0.004214966  0.005304865 0.1965092 0.005223157 0.8650147  0.005911908
4 0.5141306     NaN   NaN 0.8656877  0.005910192  0.001292676  0.003210295 0.1923245 0.005229368 0.8643788  0.005862463
5 0.5082372     NaN   NaN 0.8712750  0.005904360 -0.005903098  0.001733626 0.1832842 0.005156379 0.8731479  0.005953920
     F1_scale1 F1_scale1_se  F1_shape F1_shape_se       u2       u1 conv2 conv1
1 -0.010106571 0.0057248797 0.2031165 0.005245902 2.137162 2.132750     0     0
2 -0.001244535 0.0037448580 0.1975915 0.005243426 2.129539 2.138821     0     0
3  0.004368575 0.0060586811 0.1950645 0.005241583 2.137984 2.127149     0     0
4  0.002007341 0.0006880771 0.1850421 0.005165046 2.129239 2.130366     0     0
5 -0.002470307 0.0028704237 0.1846023 0.005213271 2.131771 2.129432     0     0
Gamma_21
      estim CI_down CI_up F2_scale0 F2_scale0_se    F2_scale1 F2_scale1_se  F2_shape F2_shape_se F1_scale0 F1_scale0_se
1 0.5126387     NaN   NaN 0.8521277  0.005823075 -0.010106571 0.0057248797 0.2031165 0.005245902 0.8643378  0.005883338
2 0.4938526     NaN   NaN 0.8627337  0.005895575 -0.001244535 0.0037448580 0.1975915 0.005243426 0.8538070  0.005827681
3 0.5126235     NaN   NaN 0.8650147  0.005911908  0.004368575 0.0060586811 0.1950645 0.005241583 0.8645843  0.005895980
4 0.5048476     NaN   NaN 0.8643788  0.005862463  0.002007341 0.0006880771 0.1850421 0.005165046 0.8656877  0.005910192
5 0.4952527     NaN   NaN 0.8731479  0.005953920 -0.002470307 0.0028704237 0.1846023 0.005213271 0.8712750  0.005904360
     F1_scale1 F1_scale1_se  F1_shape F1_shape_se       u2       u1 conv2 conv1
1  0.009313298  0.004995848 0.1935283 0.005204564 2.132750 2.137162     0     0
2 -0.000706991  0.005305563 0.2036805 0.005237944 2.138821 2.129539     0     0
3  0.004214966  0.005304865 0.1965092 0.005223157 2.127149 2.137984     0     0
4  0.001292676  0.003210295 0.1923245 0.005229368 2.130366 2.129239     0     0
5 -0.005903098  0.001733626 0.1832842 0.005156379 2.129432 2.131771     0     0

==== X1 X2 with confounder: ====
Gamma_12
      estim CI_down CI_up F2_scale0 F2_scale0_se F2_scale1 F2_scale1_se   F2_shape F2_shape_se F1_scale0 F1_scale0_se F1_scale1
1 0.5827562     NaN   NaN  1.410541  0.004479345 0.5852701 1.488231e-03 0.05203438 0.003525981  1.356862  0.003537530 0.6000682
2 0.5163649     NaN   NaN  1.517498  0.001108453 0.4846499 2.099796e-06 0.07949748 0.003504223  1.156263  0.006779647 0.7688084
3 0.5066882     NaN   NaN  1.131806  0.006543578 0.7984989 4.332488e-03 0.04356781 0.003222441  1.267138  0.007309903 0.6844998
4 0.5334359     NaN   NaN  1.077935  0.006492015 1.0393167 5.786709e-03 0.04733383 0.003446054  1.102084  0.006387403 1.0031967
5 0.4782559     NaN   NaN  1.324616  0.007554179 0.7216027 3.763266e-03 0.04701737 0.003759950  1.179139  0.007036391 0.8587569
  F1_scale1_se   F1_shape F1_shape_se       u2       u1 conv2 conv1
1  0.001198233 0.06511527 0.003343000 3.778577 3.778100     0     0
2  0.004210979 0.05223895 0.003340856 3.789157 3.798218     0     0
3  0.003659388 0.04416038 0.003405395 3.785688 3.778867     0     0
4  0.005475395 0.04510383 0.003301630 3.780871 3.773749     0     0
5  0.004773005 0.03945099 0.003505684 3.775632 3.782464     0     0
Gamma_21
      estim CI_down CI_up F2_scale0 F2_scale0_se F2_scale1 F2_scale1_se   F2_shape F2_shape_se F1_scale0 F1_scale0_se F1_scale1
1 0.7269585     NaN   NaN  1.356862  0.003537530 0.6000682  0.001198233 0.06511527 0.003343000  1.410541  0.004479345 0.5852701
2 0.8082573     NaN   NaN  1.156263  0.006779647 0.7688084  0.004210979 0.05223895 0.003340856  1.517498  0.001108453 0.4846499
3 0.5181697     NaN   NaN  1.267138  0.007309903 0.6844998  0.003659388 0.04416038 0.003405395  1.131806  0.006543578 0.7984989
4 0.4718553     NaN   NaN  1.102084  0.006387403 1.0031967  0.005475395 0.04510383 0.003301630  1.077935  0.006492015 1.0393167
5 0.6157031     NaN   NaN  1.179139  0.007036391 0.8587569  0.004773005 0.03945099 0.003505684  1.324616  0.007554179 0.7216027
  F1_scale1_se   F1_shape F1_shape_se       u2       u1 conv2 conv1
1 1.488231e-03 0.05203438 0.003525981 3.778100 3.778577     0     0
2 2.099796e-06 0.07949748 0.003504223 3.798218 3.789157     0     0
3 4.332488e-03 0.04356781 0.003222441 3.778867 3.785688     0     0
4 5.786709e-03 0.04733383 0.003446054 3.773749 3.780871     0     0
5 3.763266e-03 0.04701737 0.003759950 3.782464 3.775632     0     0

==== X1 -> X2: ====
Gamma_12
      estim   CI_down     CI_up F2_scale0 F2_scale0_se    F2_scale1 F2_scale1_se  F2_shape F2_shape_se F1_scale0 F1_scale0_se
1 0.9990729 0.9990239 0.9991219  1.115655  0.007427511  0.004533239 0.0048437640 0.1611162 0.004983056 0.8521277  0.005823075
2 0.9991419 0.9990787 0.9992048  1.131866  0.007449310  0.002920708 0.0071946234 0.1579019 0.004880376 0.8627337  0.005895575
3 0.9990387 0.9989850 0.9990921  1.132995  0.007517768 -0.001787172 0.0059261989 0.1558303 0.004950576 0.8650147  0.005911908
4 0.9991485 0.9991111 0.9991859  1.125771  0.007452605  0.005424038 0.0008882122 0.1500031 0.004927919 0.8643788  0.005862463
5 0.9991130 0.9990624 0.9991635  1.132115  0.007446499 -0.001422424 0.0056928259 0.1438702 0.004864187 0.8731479  0.005953920
     F1_scale1 F1_scale1_se  F1_shape F1_shape_se       u2       u1 conv2 conv1
1 -0.010106571 0.0057248797 0.2031165 0.005245902 3.111586 2.132750     0     0
2 -0.001244535 0.0037448580 0.1975915 0.005243426 3.110366 2.138821     0     0
3  0.004368575 0.0060586811 0.1950645 0.005241583 3.105896 2.127149     0     0
4  0.002007341 0.0006880771 0.1850421 0.005165046 3.106733 2.130366     0     0
5 -0.002470307 0.0028704237 0.1846023 0.005213271 3.104329 2.129432     0     0
Gamma_21
      estim CI_down CI_up F2_scale0 F2_scale0_se    F2_scale1 F2_scale1_se  F2_shape F2_shape_se F1_scale0 F1_scale0_se
1 0.8249590     NaN   NaN 0.8521277  0.005823075 -0.010106571 0.0057248797 0.2031165 0.005245902  1.115655  0.007427511
2 0.7976798     NaN   NaN 0.8627337  0.005895575 -0.001244535 0.0037448580 0.1975915 0.005243426  1.131866  0.007449310
3 0.8244077     NaN   NaN 0.8650147  0.005911908  0.004368575 0.0060586811 0.1950645 0.005241583  1.132995  0.007517768
4 0.8175840     NaN   NaN 0.8643788  0.005862463  0.002007341 0.0006880771 0.1850421 0.005165046  1.125771  0.007452605
5 0.8190293     NaN   NaN 0.8731479  0.005953920 -0.002470307 0.0028704237 0.1846023 0.005213271  1.132115  0.007446499
     F1_scale1 F1_scale1_se  F1_shape F1_shape_se       u2       u1 conv2 conv1
1  0.004533239 0.0048437640 0.1611162 0.004983056 2.132750 3.111586     0     0
2  0.002920708 0.0071946234 0.1579019 0.004880376 2.138821 3.110366     0     0
3 -0.001787172 0.0059261989 0.1558303 0.004950576 2.127149 3.105896     0     0
4  0.005424038 0.0008882122 0.1500031 0.004927919 2.130366 3.106733     0     0
5 -0.001422424 0.0056928259 0.1438702 0.004864187 2.129432 3.104329     0     0

==== X1 -> X2 with confounder: ====
Gamma_12
      estim   CI_down     CI_up F2_scale0 F2_scale0_se F2_scale1 F2_scale1_se     F2_shape F2_shape_se F1_scale0 F1_scale0_se
1 0.9890839       NaN       NaN  2.117907  0.012461420  1.522767  0.007529197 -0.006427066 0.002980801  1.356862  0.003537530
2 0.9803844       NaN       NaN  2.569332  0.014144676  1.145601  0.005917206  0.044486976 0.003281990  1.156263  0.006779647
3 0.9875973       NaN       NaN  1.621899  0.008722967  1.759371  0.008442478  0.021326564 0.001980028  1.267138  0.007309903
4 0.9826622       NaN       NaN  1.784812  0.008812621  2.063547  0.009744753  0.012231873 0.001628889  1.102084  0.006387403
5 0.9757195 0.9270428 0.9763036  1.796273  0.009851293  1.893306  0.009083424  0.001471914 0.002267354  1.179139  0.007036391
  F1_scale1 F1_scale1_se   F1_shape F1_shape_se       u2       u1 conv2 conv1
1 0.6000682  0.001198233 0.06511527 0.003343000 6.741521 3.778100     0     0
2 0.7688084  0.004210979 0.05223895 0.003340856 6.779676 3.798218     0     0
3 0.6844998  0.003659388 0.04416038 0.003405395 6.745841 3.778867     0     0
4 1.0031967  0.005475395 0.04510383 0.003301630 6.747304 3.773749     0     0
5 0.8587569  0.004773005 0.03945099 0.003505684 6.747574 3.782464     0     0
Gamma_21
      estim CI_down CI_up F2_scale0 F2_scale0_se F2_scale1 F2_scale1_se   F2_shape F2_shape_se F1_scale0 F1_scale0_se F1_scale1
1 0.8705599     NaN   NaN  1.356862  0.003537530 0.6000682  0.001198233 0.06511527 0.003343000  2.117907  0.012461420  1.522767
2 0.9514601     NaN   NaN  1.156263  0.006779647 0.7688084  0.004210979 0.05223895 0.003340856  2.569332  0.014144676  1.145601
3 0.7765315     NaN   NaN  1.267138  0.007309903 0.6844998  0.003659388 0.04416038 0.003405395  1.621899  0.008722967  1.759371
4 0.8026964     NaN   NaN  1.102084  0.006387403 1.0031967  0.005475395 0.04510383 0.003301630  1.784812  0.008812621  2.063547
5 0.7880709     NaN   NaN  1.179139  0.007036391 0.8587569  0.004773005 0.03945099 0.003505684  1.796273  0.009851293  1.893306
  F1_scale1_se     F1_shape F1_shape_se       u2       u1 conv2 conv1
1  0.007529197 -0.006427066 0.002980801 3.778100 6.741521     0     0
2  0.005917206  0.044486976 0.003281990 3.798218 6.779676     0     0
3  0.008442478  0.021326564 0.001980028 3.778867 6.745841     0     0
4  0.009744753  0.012231873 0.001628889 3.773749 6.747304     0     0
5  0.009083424  0.001471914 0.002267354 3.782464 6.747574     0     0
