=================== SIMULATIONS: Linear scale GPD CTC distributions ===================

==== X1 indep. X2: ====
Gamma_12
      estim CI_down CI_up F2_scale0 F2_scale0_se     F2_scale1 F2_scale1_se  F2_shape F2_shape_se F1_scale0 F1_scale0_se
1 0.4953333     NaN   NaN 0.8505035  0.005792572 -0.0008774327 1.296325e-03 0.2026614 0.005215639 0.8660904  0.005914150
2 0.4895056     NaN   NaN 0.8650815  0.005889830  0.0016376720 1.187816e-02 0.1934789 0.005205526 0.8629322  0.005909084
3 0.5087153     NaN   NaN 0.8637247  0.005874825  0.0160334614 2.054783e-06 0.1955444 0.005235022 0.8645713  0.005860559
4 0.5108552     NaN   NaN 0.8719842  0.005899887 -0.0020038196 5.037348e-03 0.1812545 0.005141186 0.8722340  0.005953221
5 0.4590451     NaN   NaN 0.8659922  0.005887878 -0.0195595215 9.176841e-03 0.1949238 0.005193605 0.8524271  0.005840133
      F1_scale1 F1_scale1_se  F1_shape F1_shape_se       u2       u1 conv2 conv1
1 -0.0149538583  0.024221831 0.1934164 0.005232101 2.130135 2.140031     0     0
2  0.0007580025  0.004410614 0.2007034 0.005262516 2.137863 2.129161     0     0
3  0.0243455758  0.025102498 0.1846885 0.005160500 2.130390 2.129252     0     0
4 -0.0068348862  0.005294328 0.1853309 0.005221859 2.128773 2.131117     0     0
5 -0.0019236870  0.002520177 0.2032837 0.005268163 2.138063 2.130479     0     0
Gamma_21
      estim CI_down CI_up F2_scale0 F2_scale0_se     F2_scale1 F2_scale1_se  F2_shape F2_shape_se F1_scale0 F1_scale0_se
1 0.4914942     NaN   NaN 0.8660904  0.005914150 -0.0149538583  0.024221831 0.1934164 0.005232101 0.8505035  0.005792572
2 0.5167969     NaN   NaN 0.8629322  0.005909084  0.0007580025  0.004410614 0.2007034 0.005262516 0.8650815  0.005889830
3 0.5071290     NaN   NaN 0.8645713  0.005860559  0.0243455758  0.025102498 0.1846885 0.005160500 0.8637247  0.005874825
4 0.5013610     NaN   NaN 0.8722340  0.005953221 -0.0068348862  0.005294328 0.1853309 0.005221859 0.8719842  0.005899887
5 0.5238878     NaN   NaN 0.8524271  0.005840133 -0.0019236870  0.002520177 0.2032837 0.005268163 0.8659922  0.005887878
      F1_scale1 F1_scale1_se  F1_shape F1_shape_se       u2       u1 conv2 conv1
1 -0.0008774327 1.296325e-03 0.2026614 0.005215639 2.140031 2.130135     0     0
2  0.0016376720 1.187816e-02 0.1934789 0.005205526 2.129161 2.137863     0     0
3  0.0160334614 2.054783e-06 0.1955444 0.005235022 2.129252 2.130390     0     0
4 -0.0020038196 5.037348e-03 0.1812545 0.005141186 2.131117 2.128773     0     0
5 -0.0195595215 9.176841e-03 0.1949238 0.005193605 2.130479 2.138063     0     0

==== X1 X2 with confounder: ====
Gamma_12
      estim   CI_down     CI_up F2_scale0 F2_scale0_se F2_scale1 F2_scale1_se     F2_shape F2_shape_se F1_scale0 F1_scale0_se
1 0.4922396 0.4909256 0.4935536  2.004372 1.093130e-02  8.381947 4.353029e-02  0.021996600 0.002971915  1.596412  0.008198198
2 0.5784017       NaN       NaN  1.421634 2.077262e-06  3.172872 2.077278e-06  1.582706850         NaN  2.092352  0.011275934
3 0.4531911 0.4518825 0.4544996  1.611268 9.024579e-03 12.403912 6.108376e-02 -0.003950856 0.002647558  1.525012  0.007754152
4 0.4547899 0.4535011 0.4560786  1.962804 1.108092e-02  3.547131 1.922951e-02 -0.013241934 0.003325011  1.991688  0.010460114
5 0.4599146       NaN       NaN  1.779811 9.882991e-03  8.367090 4.110750e-02  0.003693918 0.002675660  1.758379  0.008879305
  F1_scale1 F1_scale1_se   F1_shape F1_shape_se       u2       u1 conv2 conv1
1 10.162349   0.04879592 0.01813987 0.002057983 4.440240 4.440548     0     0
2  3.731489   0.01957707 0.03200341 0.002974523 4.463952 4.462826     0     0
3 12.485484   0.05994137 0.01517503 0.001952108 4.449021 4.424702     0     0
4  3.238229   0.01657059 0.03142698 0.002700963 4.441303 4.443083     0     0
5  8.344224   0.04078687 0.01099520 0.002154988 4.468412 4.462218     0     0
Gamma_21
      estim   CI_down     CI_up F2_scale0 F2_scale0_se F2_scale1 F2_scale1_se   F2_shape F2_shape_se F1_scale0 F1_scale0_se
1 0.5137353 0.5124385 0.5150321  1.596412  0.008198198 10.162349   0.04879592 0.01813987 0.002057983  2.004372 1.093130e-02
2 0.0156520 0.0142939 0.0170101  2.092352  0.011275934  3.731489   0.01957707 0.03200341 0.002974523  1.421634 2.077262e-06
3 0.5004721       NaN       NaN  1.525012  0.007754152 12.485484   0.05994137 0.01517503 0.001952108  1.611268 9.024579e-03
4 0.5287494       NaN       NaN  1.991688  0.010460114  3.238229   0.01657059 0.03142698 0.002700963  1.962804 1.108092e-02
5 0.5374874 0.5361868 0.5387880  1.758379  0.008879305  8.344224   0.04078687 0.01099520 0.002154988  1.779811 9.882991e-03
  F1_scale1 F1_scale1_se     F1_shape F1_shape_se       u2       u1 conv2 conv1
1  8.381947 4.353029e-02  0.021996600 0.002971915 4.440548 4.440240     0     0
2  3.172872 2.077278e-06  1.582706850         NaN 4.462826 4.463952     0     0
3 12.403912 6.108376e-02 -0.003950856 0.002647558 4.424702 4.449021     0     0
4  3.547131 1.922951e-02 -0.013241934 0.003325011 4.443083 4.441303     0     0
5  8.367090 4.110750e-02  0.003693918 0.002675660 4.462218 4.468412     0     0

==== X1 -> X2: ====
Gamma_12
      estim   CI_down     CI_up F2_scale0 F2_scale0_se     F2_scale1 F2_scale1_se  F2_shape F2_shape_se F1_scale0 F1_scale0_se
1 0.9991305 0.9990935 0.9991676  1.130447  0.007445677  7.948011e-04 2.067195e-06 0.1565356 0.004886700 0.8660904  0.005914150
2 0.9990840 0.9990128 0.9991508  1.127160  0.007507663  2.525547e-05 6.564012e-03 0.1607377 0.004988038 0.8629322  0.005909084
3 0.9991065       NaN       NaN  1.120761  0.007439096  5.856898e-02 4.354371e-02 0.1539811 0.004953562 0.8645713  0.005860559
4 0.9991347 0.9990571 0.9992051  1.130500  0.007452077 -5.247268e-03 8.358184e-03 0.1450205 0.004884565 0.8722340  0.005953221
5 0.9990649 0.9990285 0.9991014  1.115322  0.007423891  3.009410e-04 2.066761e-06 0.1621469 0.004982432 0.8524271  0.005840133
      F1_scale1 F1_scale1_se  F1_shape F1_shape_se       u2       u1 conv2 conv1
1 -0.0149538583  0.024221831 0.1934164 0.005232101 3.109058 2.140031     0     0
2  0.0007580025  0.004410614 0.2007034 0.005262516 3.109576 2.129161     0     0
3  0.0243455758  0.025102498 0.1846885 0.005160500 3.106390 2.129252     0     0
4 -0.0068348862  0.005294328 0.1853309 0.005221859 3.104926 2.131117     0     0
5 -0.0019236870  0.002520177 0.2032837 0.005268163 3.111126 2.130479     0     0
Gamma_21
      estim CI_down CI_up F2_scale0 F2_scale0_se     F2_scale1 F2_scale1_se  F2_shape F2_shape_se F1_scale0 F1_scale0_se
1 0.7937124     NaN   NaN 0.8660904  0.005914150 -0.0149538583  0.024221831 0.1934164 0.005232101  1.130447  0.007445677
2 0.8284172     NaN   NaN 0.8629322  0.005909084  0.0007580025  0.004410614 0.2007034 0.005262516  1.127160  0.007507663
3 0.8129881     NaN   NaN 0.8645713  0.005860559  0.0243455758  0.025102498 0.1846885 0.005160500  1.120761  0.007439096
4 0.8247418     NaN   NaN 0.8722340  0.005953221 -0.0068348862  0.005294328 0.1853309 0.005221859  1.130500  0.007452077
5 0.8243950     NaN   NaN 0.8524271  0.005840133 -0.0019236870  0.002520177 0.2032837 0.005268163  1.115322  0.007423891
      F1_scale1 F1_scale1_se  F1_shape F1_shape_se       u2       u1 conv2 conv1
1  7.948011e-04 2.067195e-06 0.1565356 0.004886700 2.140031 3.109058     0     0
2  2.525547e-05 6.564012e-03 0.1607377 0.004988038 2.129161 3.109576     0     0
3  5.856898e-02 4.354371e-02 0.1539811 0.004953562 2.129252 3.106390     0     0
4 -5.247268e-03 8.358184e-03 0.1450205 0.004884565 2.131117 3.104926     0     0
5  3.009410e-04 2.066761e-06 0.1621469 0.004982432 2.130479 3.111126     0     0

==== X1 -> X2 with confounder: ====
Gamma_12
      estim   CI_down     CI_up F2_scale0 F2_scale0_se  F2_scale1 F2_scale1_se     F2_shape  F2_shape_se F1_scale0 F1_scale0_se
1 0.9801559       NaN       NaN  2.080093 9.651813e-03  17.625104 8.806461e-02  0.215773350 8.094904e-03  1.596412  0.008198198
2 0.9710030       NaN       NaN  5.192663          NaN  19.762316          NaN  0.087718592          NaN  2.092352  0.011275934
3 0.9622495       NaN       NaN 14.269741 4.116572e-03 118.178368 4.333859e-02 -0.278965227 2.212961e-06  1.525012  0.007754152
4 0.9843678       NaN       NaN  1.455402 2.114330e-06   6.693076 2.183058e-06  1.649577153          NaN  1.991688  0.010460114
5 0.9833078 0.9729346 0.9837726  2.242335 1.237377e-02  20.543107 9.421902e-02 -0.002265619 1.499909e-03  1.758379  0.008879305
  F1_scale1 F1_scale1_se   F1_shape F1_shape_se       u2       u1 conv2 conv1
1 10.162349   0.04879592 0.01813987 0.002057983 8.122941 4.440548     0     0
2  3.731489   0.01957707 0.03200341 0.002974523 8.162610 4.462826     0     0
3 12.485484   0.05994137 0.01517503 0.001952108 8.122695 4.424702     0     0
4  3.238229   0.01657059 0.03142698 0.002700963 8.115440 4.443083     0     0
5  8.344224   0.04078687 0.01099520 0.002154988 8.174859 4.462218     0     0
Gamma_21
      estim   CI_down     CI_up F2_scale0 F2_scale0_se F2_scale1 F2_scale1_se   F2_shape F2_shape_se F1_scale0 F1_scale0_se
1 0.7558326 0.6990366 0.7564810  1.596412  0.008198198 10.162349   0.04879592 0.01813987 0.002057983  2.080093 9.651813e-03
2 0.6931228 0.5725221 0.6938777  2.092352  0.011275934  3.731489   0.01957707 0.03200341 0.002974523  5.192663          NaN
3 1.0000000 0.9988999 1.0000000  1.525012  0.007754152 12.485484   0.05994137 0.01517503 0.001952108 14.269741 4.116572e-03
4 1.0000000 0.9617996 1.0000000  1.991688  0.010460114  3.238229   0.01657059 0.03142698 0.002700963  1.455402 2.114330e-06
5 0.7764472 0.7398774 0.7771164  1.758379  0.008879305  8.344224   0.04078687 0.01099520 0.002154988  2.242335 1.237377e-02
   F1_scale1 F1_scale1_se     F1_shape  F1_shape_se       u2       u1 conv2 conv1
1  17.625104 8.806461e-02  0.215773350 8.094904e-03 4.440548 8.122941     0     0
2  19.762316          NaN  0.087718592          NaN 4.462826 8.162610     0     0
3 118.178368 4.333859e-02 -0.278965227 2.212961e-06 4.424702 8.122695     0     0
4   6.693076 2.183058e-06  1.649577153          NaN 4.443083 8.115440     0     0
5  20.543107 9.421902e-02 -0.002265619 1.499909e-03 4.462218 8.174859     0     0
