=================== SIMULATIONS: Linear scale GPD CTC distributions ===================

==== X1 indep. X2: ====
Gamma_12
      estim   CI_down     CI_up F2_scale0 F2_scale0_se    F2_scale1 F2_scale1_se  F2_shape F2_shape_se F1_scale0 F1_scale0_se
1 0.4969841       NaN       NaN  2.548071   0.01812638 -0.005112979   0.01209857 0.2534771 0.005646403  2.525813   0.01800391
2 0.5243940 0.5230064 0.5257622  2.569986   0.01825028 -0.001760206   0.01404198 0.2465629 0.005624360  2.519283   0.01796588
3 0.4990830 0.4977718 0.5003941  2.541147   0.01820803  0.017020138   0.02547128 0.2479917 0.005707151  2.570975   0.01823372
4 0.5183172 0.5169604 0.5196733  2.513436   0.01792131  0.015344044   0.02037748 0.2536602 0.005665853  2.549204   0.01810350
5 0.5093939 0.5080558 0.5107362  2.525889   0.01797982 -0.002402454   0.02247254 0.2498912 0.005650419  2.572858   0.01822872
     F1_scale1 F1_scale1_se  F1_shape F1_shape_se       u2       u1 conv2 conv1
1  0.016991573   0.02176608 0.2447346 0.005657258 5.161805 5.172509     0     0
2  0.018871087   0.01931327 0.2621267 0.005677858 5.199492 5.201803     0     0
3  0.004182368   0.01850863 0.2466154 0.005612321 5.186045 5.178358     0     0
4  0.014697768   0.01497985 0.2452040 0.005623393 5.163262 5.181532     0     0
5 -0.012987916   0.01523284 0.2435898 0.005602490 5.157801 5.184426     0     0
Gamma_21
      estim   CI_down     CI_up F2_scale0 F2_scale0_se    F2_scale1 F2_scale1_se  F2_shape F2_shape_se F1_scale0 F1_scale0_se
1 0.5023687 0.5010398 0.5037001  2.525813   0.01800391  0.016991573   0.02176608 0.2447346 0.005657258  2.548071   0.01812638
2 0.4881679 0.4868436 0.4894939  2.519283   0.01796588  0.018871087   0.01931327 0.2621267 0.005677858  2.569986   0.01825028
3 0.4960978 0.4947274 0.4974677  2.570975   0.01823372  0.004182368   0.01850863 0.2466154 0.005612321  2.541147   0.01820803
4 0.5346500 0.5332969 0.5360031  2.549204   0.01810350  0.014697768   0.01497985 0.2452040 0.005623393  2.513436   0.01792131
5 0.4772015       NaN       NaN  2.572858   0.01822872 -0.012987916   0.01523284 0.2435898 0.005602490  2.525889   0.01797982
     F1_scale1 F1_scale1_se  F1_shape F1_shape_se       u2       u1 conv2 conv1
1 -0.005112979   0.01209857 0.2534771 0.005646403 5.172509 5.161805     0     0
2 -0.001760206   0.01404198 0.2465629 0.005624360 5.201803 5.199492     0     0
3  0.017020138   0.02547128 0.2479917 0.005707151 5.178358 5.186045     0     0
4  0.015344044   0.02037748 0.2536602 0.005665853 5.181532 5.163262     0     0
5 -0.002402454   0.02247254 0.2498912 0.005650419 5.184426 5.157801     0     0

==== X1 X2 with confounder: ====
Gamma_12
      estim   CI_down     CI_up F2_scale0 F2_scale0_se F2_scale1 F2_scale1_se    F2_shape  F2_shape_se F1_scale0 F1_scale0_se
1 0.9859031 0.9858674 0.9859388  5.648399   0.05719718  22.47533    0.1085843 -0.01502707 0.0012114471 47.513156 2.285168e-06
2 0.4388603 0.4375274 0.4401932  5.618716   0.04955656  21.44339    0.1027500 -0.02652381 0.0007352526  6.003211 5.814854e-02
3 0.3985530 0.3971949 0.3999111  5.479161   0.05290767  31.49869    0.1503423 -0.01744179 0.0010197279  5.692916 5.119097e-02
4 0.4091638 0.4078187 0.4105089  5.487646   0.05156156  23.03575    0.1101651 -0.01960020 0.0010025706  5.726991 5.591267e-02
5 0.4387497 0.4374224 0.4400956  5.886696   0.05625807  27.58384    0.1315184 -0.03532125 0.0010044108  5.353673 4.819484e-02
  F1_scale1 F1_scale1_se     F1_shape  F1_shape_se       u2       u1 conv2 conv1
1  33.12233    0.0119414 -0.673787441 2.285120e-06 28.87571 28.86133     0     0
2  21.32738    0.1024208 -0.035098305 1.096279e-03 29.03683 29.02845     0     0
3  31.35263    0.1506882 -0.020251580 7.935149e-04 29.02328 29.11677     0     0
4  22.85911    0.1100286 -0.020027253 1.025371e-03 28.89795 28.91488     0     0
5  27.50519    0.1326843 -0.003875826 8.672318e-04 28.84684 28.87195     0     0
Gamma_21
      estim   CI_down     CI_up F2_scale0 F2_scale0_se F2_scale1 F2_scale1_se     F2_shape  F2_shape_se F1_scale0 F1_scale0_se
1 0.4404032 0.4390451 0.4417613 47.513156 2.285168e-06  33.12233    0.0119414 -0.673787441 2.285120e-06  5.648399   0.05719718
2 0.4185702 0.4172121 0.4199283  6.003211 5.814854e-02  21.32738    0.1024208 -0.035098305 1.096279e-03  5.618716   0.04955656
3 0.4246514 0.4232933 0.4260095  5.692916 5.119097e-02  31.35263    0.1506882 -0.020251580 7.935149e-04  5.479161   0.05290767
4 0.4636845 0.4623398 0.4650291  5.726991 5.591267e-02  22.85911    0.1100286 -0.020027253 1.025371e-03  5.487646   0.05156156
5 0.3749432 0.3735908 0.3763013  5.353673 4.819484e-02  27.50519    0.1326843 -0.003875826 8.672318e-04  5.886696   0.05625807
  F1_scale1 F1_scale1_se    F1_shape  F1_shape_se       u2       u1 conv2 conv1
1  22.47533    0.1085843 -0.01502707 0.0012114471 28.86133 28.87571     0     0
2  21.44339    0.1027500 -0.02652381 0.0007352526 29.02845 29.03683     0     0
3  31.49869    0.1503423 -0.01744179 0.0010197279 29.11677 29.02328     0     0
4  23.03575    0.1101651 -0.01960020 0.0010025706 28.91488 28.89795     0     0
5  27.58384    0.1315184 -0.03532125 0.0010044108 28.87195 28.84684     0     0

==== X1 -> X2: ====
Gamma_12
      estim   CI_down     CI_up F2_scale0 F2_scale0_se    F2_scale1 F2_scale1_se  F2_shape F2_shape_se F1_scale0 F1_scale0_se
1 0.9994413 0.9993070 0.9995375  3.331272   0.02330933 -0.002812524   0.02023871 0.2113748 0.005463519  2.525813   0.01800391
2 0.9995157 0.9992527 0.9996163  3.357282   0.02338240  0.018037736   0.02456272 0.2172003 0.005427647  2.519283   0.01796588
3 0.9995048 0.9992652 0.9996065  3.344454   0.02334981  0.022545764   0.02920988 0.2078619 0.005442246  2.570975   0.01823372
4 0.9995021 0.9994118 0.9995771  3.319370   0.02306755 -0.003052321   0.01483267 0.2114122 0.005402806  2.549204   0.01810350
5 0.9994981 0.9991917 0.9996124  3.338588   0.02321686  0.014040586   0.03175064 0.2104721 0.005407353  2.572858   0.01822872
     F1_scale1 F1_scale1_se  F1_shape F1_shape_se       u2       u1 conv2 conv1
1  0.016991573   0.02176608 0.2447346 0.005657258 8.614145 5.172509     0     0
2  0.018871087   0.01931327 0.2621267 0.005677858 8.646281 5.201803     0     0
3  0.004182368   0.01850863 0.2466154 0.005612321 8.651223 5.178358     0     0
4  0.014697768   0.01497985 0.2452040 0.005623393 8.618429 5.181532     0     0
5 -0.012987916   0.01523284 0.2435898 0.005602490 8.614406 5.184426     0     0
Gamma_21
      estim   CI_down     CI_up F2_scale0 F2_scale0_se    F2_scale1 F2_scale1_se  F2_shape F2_shape_se F1_scale0 F1_scale0_se
1 0.7804782 0.7797169 0.7811954  2.525813   0.01800391  0.016991573   0.02176608 0.2447346 0.005657258  3.331272   0.02330933
2 0.7844310 0.7837446 0.7850524  2.519283   0.01796588  0.018871087   0.01931327 0.2621267 0.005677858  3.357282   0.02338240
3 0.8081737 0.8075498 0.8087942  2.570975   0.01823372  0.004182368   0.01850863 0.2466154 0.005612321  3.344454   0.02334981
4 0.7907187 0.7899829 0.7914089  2.549204   0.01810350  0.014697768   0.01497985 0.2452040 0.005623393  3.319370   0.02306755
5 0.7782500       NaN       NaN  2.572858   0.01822872 -0.012987916   0.01523284 0.2435898 0.005602490  3.338588   0.02321686
     F1_scale1 F1_scale1_se  F1_shape F1_shape_se       u2       u1 conv2 conv1
1 -0.002812524   0.02023871 0.2113748 0.005463519 5.172509 8.614145     0     0
2  0.018037736   0.02456272 0.2172003 0.005427647 5.201803 8.646281     0     0
3  0.022545764   0.02920988 0.2078619 0.005442246 5.178358 8.651223     0     0
4 -0.003052321   0.01483267 0.2114122 0.005402806 5.181532 8.618429     0     0
5  0.014040586   0.03175064 0.2104721 0.005407353 5.184426 8.614406     0     0

==== X1 -> X2 with confounder: ====
Gamma_12
      estim   CI_down     CI_up F2_scale0 F2_scale0_se F2_scale1 F2_scale1_se     F2_shape  F2_shape_se F1_scale0 F1_scale0_se
1 0.9995934 0.9995927 0.9995940 63.965956  0.003507814  67.46929   0.01512612 -0.688561964 2.325339e-06 47.513156 2.285168e-06
2 0.9613998 0.9605731 0.9622148  9.670478  0.030869240  43.89883   0.19979851 -0.056446674 2.319021e-06  6.003211 5.814854e-02
3 0.9572007 0.9563221 0.9580692  9.663176  0.066940163  64.02822   0.29247098 -0.039130406 6.479436e-04  5.692916 5.119097e-02
4 0.9599329 0.9590978 0.9607599  9.826222  0.037946059  46.64977   0.21255039 -0.039791558 2.315353e-06  5.726991 5.591267e-02
5 0.9615263 0.9607171 0.9623235  8.448561  0.071863172  56.03691   0.25787497 -0.007546098 6.541806e-04  5.353673 4.819484e-02
  F1_scale1 F1_scale1_se     F1_shape  F1_shape_se       u2       u1 conv2 conv1
1  33.12233    0.0119414 -0.673787441 2.285120e-06 57.27214 28.86133     0     0
2  21.32738    0.1024208 -0.035098305 1.096279e-03 57.51583 29.02845     0     0
3  31.35263    0.1506882 -0.020251580 7.935149e-04 57.58407 29.11677     0     0
4  22.85911    0.1100286 -0.020027253 1.025371e-03 57.24622 28.91488     0     0
5  27.50519    0.1326843 -0.003875826 8.672318e-04 57.16649 28.87195     0     0
Gamma_21
      estim   CI_down     CI_up F2_scale0 F2_scale0_se F2_scale1 F2_scale1_se     F2_shape  F2_shape_se F1_scale0 F1_scale0_se
1 0.9929006 0.9928903 0.9929110 47.513156 2.285168e-06  33.12233    0.0119414 -0.673787441 2.285120e-06 63.965956  0.003507814
2 0.7681179 0.7675170 0.7686801  6.003211 5.814854e-02  21.32738    0.1024208 -0.035098305 1.096279e-03  9.670478  0.030869240
3 0.6909558 0.6902844 0.6915783  5.692916 5.119097e-02  31.35263    0.1506882 -0.020251580 7.935149e-04  9.663176  0.066940163
4 0.7837989 0.7832052 0.7843649  5.726991 5.591267e-02  22.85911    0.1100286 -0.020027253 1.025371e-03  9.826222  0.037946059
5 0.7460167 0.7454344 0.7465425  5.353673 4.819484e-02  27.50519    0.1326843 -0.003875826 8.672318e-04  8.448561  0.071863172
  F1_scale1 F1_scale1_se     F1_shape  F1_shape_se       u2       u1 conv2 conv1
1  67.46929   0.01512612 -0.688561964 2.325339e-06 28.86133 57.27214     0     0
2  43.89883   0.19979851 -0.056446674 2.319021e-06 29.02845 57.51583     0     0
3  64.02822   0.29247098 -0.039130406 6.479436e-04 29.11677 57.58407     0     0
4  46.64977   0.21255039 -0.039791558 2.315353e-06 28.91488 57.24622     0     0
5  56.03691   0.25787497 -0.007546098 6.541806e-04 28.87195 57.16649     0     0
