=================== SIMULATIONS: Linear scale GPD CTC distributions ===================

==== X1 indep. X2: ====
Gamma_12
      estim   CI_down     CI_up F2_scale0 F2_scale0_se   F2_scale1 F2_scale1_se  F2_shape F2_shape_se F1_scale0 F1_scale0_se
1 0.4972163 0.4959160 0.4985166  2.547601   0.01812237 0.004178228   0.01432303 0.2535874 0.005647067  2.525216   0.01799593
2 0.5244549 0.5231528 0.5257569  2.570231   0.01825382 0.003175495   0.01441882 0.2465981 0.005625540  2.519027   0.01796291
3 0.4987743 0.4974684 0.5000802  2.541230   0.01820884 0.019023864   0.01473405 0.2479761 0.005707390  2.570117   0.01822850
4 0.5185980 0.5172959 0.5199000  2.512847   0.01791916 0.014900860   0.01421143 0.2538833 0.005669001  2.549509   0.01811568
5 0.5096731 0.5083729 0.5109774  2.526386   0.01798100 0.004865281   0.01415607 0.2496453 0.005646913  2.573686   0.01824044
     F1_scale1 F1_scale1_se  F1_shape F1_shape_se       u2       u1 conv2 conv1
1  0.009000348   0.01406716 0.2447367 0.005655576 5.161805 5.172509     0     0
2  0.006397513   0.01389063 0.2621258 0.005677297 5.199492 5.201803     0     0
3  0.003044771   0.01402886 0.2468563 0.005614813 5.186045 5.178358     0     0
4  0.001376180   0.01321916 0.2455733 0.005631700 5.163262 5.181532     0     0
5 -0.005346393   0.01387154 0.2436649 0.005606178 5.157801 5.184426     0     0
Gamma_21
      estim   CI_down     CI_up F2_scale0 F2_scale0_se    F2_scale1 F2_scale1_se  F2_shape F2_shape_se F1_scale0 F1_scale0_se
1 0.5033690 0.5020583 0.5046823  2.525216   0.01799593  0.009000348   0.01406716 0.2447367 0.005655576  2.547601   0.01812237
2 0.4887090 0.4874054 0.4900142  2.519027   0.01796291  0.006397513   0.01389063 0.2621258 0.005677297  2.570231   0.01825382
3 0.4963119 0.4949980 0.4976258  2.570117   0.01822850  0.003044771   0.01402886 0.2468563 0.005614813  2.541230   0.01820884
4 0.5346835 0.5333723 0.5359947  2.549509   0.01811568  0.001376180   0.01321916 0.2455733 0.005631700  2.512847   0.01791916
5 0.4780381 0.4767130 0.4793638  2.573686   0.01824044 -0.005346393   0.01387154 0.2436649 0.005606178  2.526386   0.01798100
    F1_scale1 F1_scale1_se  F1_shape F1_shape_se       u2       u1 conv2 conv1
1 0.004178228   0.01432303 0.2535874 0.005647067 5.172509 5.161805     0     0
2 0.003175495   0.01441882 0.2465981 0.005625540 5.201803 5.199492     0     0
3 0.019023864   0.01473405 0.2479761 0.005707390 5.178358 5.186045     0     0
4 0.014900860   0.01421143 0.2538833 0.005669001 5.181532 5.163262     0     0
5 0.004865281   0.01415607 0.2496453 0.005646913 5.184426 5.157801     0     0

==== X1 X2 with confounder: ====
Gamma_12
      estim   CI_down     CI_up F2_scale0 F2_scale0_se F2_scale1 F2_scale1_se  F2_shape F2_shape_se F1_scale0 F1_scale0_se
1 0.4982424 0.4969245 0.4995603  2.699803   0.02185228 0.3251595  0.006022862 0.1748770 0.005031012  2.712610   0.02184087
2 0.5231913 0.5219021 0.5244814  2.734349   0.02189811 0.3257262  0.006011756 0.1654894 0.004972924  2.699515   0.02175614
3 0.4881328 0.4868137 0.4894519  2.739974   0.02199813 0.3364127  0.006083095 0.1579580 0.004978383  2.722259   0.02192771
4 0.5054913 0.5041975 0.5067850  2.711234   0.02173369 0.3248207  0.005969196 0.1642693 0.004941120  2.742942   0.02182169
5 0.5170920 0.5157843 0.5184029  2.725062   0.02192725 0.3315940  0.006036274 0.1621007 0.004966320  2.712455   0.02169380
  F1_scale1 F1_scale1_se  F1_shape F1_shape_se       u2       u1 conv2 conv1
1 0.3310047  0.005996934 0.1573796 0.004973817 8.629615 8.621951     0     0
2 0.3307203  0.006058621 0.1785600 0.005016390 8.657363 8.626587     0     0
3 0.3312132  0.006061245 0.1692537 0.004995791 8.652276 8.663214     0     0
4 0.3249084  0.005984263 0.1579850 0.004884231 8.624217 8.639457     0     0
5 0.3320259  0.006043729 0.1654920 0.004937879 8.615341 8.665659     0     0
Gamma_21
      estim   CI_down     CI_up F2_scale0 F2_scale0_se F2_scale1 F2_scale1_se  F2_shape F2_shape_se F1_scale0 F1_scale0_se
1 0.5130835 0.5117748 0.5143923  2.712610   0.02184087 0.3310047  0.005996934 0.1573796 0.004973817  2.699803   0.02185228
2 0.4895854 0.4882782 0.4908941  2.699515   0.02175614 0.3307203  0.006058621 0.1785600 0.005016390  2.734349   0.02189811
3 0.5092882 0.5079907 0.5105856  2.722259   0.02192771 0.3312132  0.006061245 0.1692537 0.004995791  2.739974   0.02199813
4 0.5327221 0.5314312 0.5340151  2.742942   0.02182169 0.3249084  0.005984263 0.1579850 0.004884231  2.711234   0.02173369
5 0.4993981 0.4980941 0.5007021  2.712455   0.02169380 0.3320259  0.006043729 0.1654920 0.004937879  2.725062   0.02192725
  F1_scale1 F1_scale1_se  F1_shape F1_shape_se       u2       u1 conv2 conv1
1 0.3251595  0.006022862 0.1748770 0.005031012 8.621951 8.629615     0     0
2 0.3257262  0.006011756 0.1654894 0.004972924 8.626587 8.657363     0     0
3 0.3364127  0.006083095 0.1579580 0.004978383 8.663214 8.652276     0     0
4 0.3248207  0.005969196 0.1642693 0.004941120 8.639457 8.624217     0     0
5 0.3315940  0.006036274 0.1621007 0.004966320 8.665659 8.615341     0     0

==== X1 -> X2: ====
Gamma_12
      estim   CI_down     CI_up F2_scale0 F2_scale0_se     F2_scale1 F2_scale1_se  F2_shape F2_shape_se F1_scale0 F1_scale0_se
1 0.9994381 0.9993894 0.9994868  3.332451   0.02332057  0.0002610706   0.01774552 0.2112582 0.005463507  2.525216   0.01799593
2 0.9995143 0.9994693 0.9995593  3.356897   0.02337267  0.0078186424   0.01807976 0.2170114 0.005423328  2.519027   0.01796291
3 0.9995081 0.9994658 0.9995505  3.343522   0.02332528  0.0130915535   0.01781352 0.2073549 0.005430378  2.570117   0.01822850
4 0.9995044 0.9994636 0.9995451  3.318820   0.02305781 -0.0074732805   0.01697480 0.2112652 0.005398855  2.549509   0.01811568
5 0.9994993 0.9994555 0.9995432  3.338242   0.02321560  0.0075499696   0.01810308 0.2105534 0.005408463  2.573686   0.01824044
     F1_scale1 F1_scale1_se  F1_shape F1_shape_se       u2       u1 conv2 conv1
1  0.009000348   0.01406716 0.2447367 0.005655576 8.614145 5.172509     0     0
2  0.006397513   0.01389063 0.2621258 0.005677297 8.646281 5.201803     0     0
3  0.003044771   0.01402886 0.2468563 0.005614813 8.651223 5.178358     0     0
4  0.001376180   0.01321916 0.2455733 0.005631700 8.618429 5.181532     0     0
5 -0.005346393   0.01387154 0.2436649 0.005606178 8.614406 5.184426     0     0
Gamma_21
      estim   CI_down     CI_up F2_scale0 F2_scale0_se    F2_scale1 F2_scale1_se  F2_shape F2_shape_se F1_scale0 F1_scale0_se
1 0.7804785 0.7798046 0.7811548  2.525216   0.01799593  0.009000348   0.01406716 0.2447367 0.005655576  3.332451   0.02332057
2 0.7844311 0.7838355 0.7850283  2.519027   0.01796291  0.006397513   0.01389063 0.2621258 0.005677297  3.356897   0.02337267
3 0.8082167 0.8076524 0.8087810  2.570117   0.01822850  0.003044771   0.01402886 0.2468563 0.005614813  3.343522   0.02332528
4 0.7912349 0.7906033 0.7918665  2.549509   0.01811568  0.001376180   0.01321916 0.2455733 0.005631700  3.318820   0.02305781
5 0.7782497 0.7776367 0.7788632  2.573686   0.01824044 -0.005346393   0.01387154 0.2436649 0.005606178  3.338242   0.02321560
      F1_scale1 F1_scale1_se  F1_shape F1_shape_se       u2       u1 conv2 conv1
1  0.0002610706   0.01774552 0.2112582 0.005463507 5.172509 8.614145     0     0
2  0.0078186424   0.01807976 0.2170114 0.005423328 5.201803 8.646281     0     0
3  0.0130915535   0.01781352 0.2073549 0.005430378 5.178358 8.651223     0     0
4 -0.0074732805   0.01697480 0.2112652 0.005398855 5.181532 8.618429     0     0
5  0.0075499696   0.01810308 0.2105534 0.005408463 5.184426 8.614406     0     0

==== X1 -> X2 with confounder: ====
Gamma_12
      estim   CI_down     CI_up F2_scale0 F2_scale0_se F2_scale1 F2_scale1_se   F2_shape F2_shape_se F1_scale0 F1_scale0_se
1 0.9992596 0.9991983 0.9993209  3.750875   0.03154261 0.8990638   0.01000681 0.07717962 0.004149907  2.712610   0.02184087
2 0.9993932 0.9993372 0.9994491  3.726223   0.03163351 0.9040646   0.01010405 0.09078475 0.004266836  2.699515   0.02175614
3 0.9993942 0.9993394 0.9994490  3.763502   0.03152331 0.9160669   0.01010377 0.07517626 0.004127283  2.722259   0.02192771
4 0.9993093 0.9992508 0.9993677  3.689688   0.03102640 0.9088396   0.01002240 0.08316684 0.004110980  2.742942   0.02182169
5 0.9993536 0.9992963 0.9994109  3.721070   0.03114259 0.9168340   0.01010171 0.08142726 0.004101239  2.712455   0.02169380
  F1_scale1 F1_scale1_se  F1_shape F1_shape_se       u2       u1 conv2 conv1
1 0.3310047  0.005996934 0.1573796 0.004973817 15.83352 8.621951     0     0
2 0.3307203  0.006058621 0.1785600 0.005016390 15.83340 8.626587     0     0
3 0.3312132  0.006061245 0.1692537 0.004995791 15.88349 8.663214     0     0
4 0.3249084  0.005984263 0.1579850 0.004884231 15.81406 8.639457     0     0
5 0.3320259  0.006043729 0.1654920 0.004937879 15.83586 8.665659     0     0
Gamma_21
      estim   CI_down     CI_up F2_scale0 F2_scale0_se F2_scale1 F2_scale1_se  F2_shape F2_shape_se F1_scale0 F1_scale0_se
1 0.7621629 0.7614760 0.7628498  2.712610   0.02184087 0.3310047  0.005996934 0.1573796 0.004973817  3.750875   0.03154261
2 0.7633884 0.7627684 0.7640086  2.699515   0.02175614 0.3307203  0.006058621 0.1785600 0.005016390  3.726223   0.03163351
3 0.7925791 0.7920090 0.7931493  2.722259   0.02192771 0.3312132  0.006061245 0.1692537 0.004995791  3.763502   0.03152331
4 0.7801772 0.7795366 0.7808179  2.742942   0.02182169 0.3249084  0.005984263 0.1579850 0.004884231  3.689688   0.03102640
5 0.7710481 0.7704209 0.7716753  2.712455   0.02169380 0.3320259  0.006043729 0.1654920 0.004937879  3.721070   0.03114259
  F1_scale1 F1_scale1_se   F1_shape F1_shape_se       u2       u1 conv2 conv1
1 0.8990638   0.01000681 0.07717962 0.004149907 8.621951 15.83352     0     0
2 0.9040646   0.01010405 0.09078475 0.004266836 8.626587 15.83340     0     0
3 0.9160669   0.01010377 0.07517626 0.004127283 8.663214 15.88349     0     0
4 0.9088396   0.01002240 0.08316684 0.004110980 8.639457 15.81406     0     0
5 0.9168340   0.01010171 0.08142726 0.004101239 8.665659 15.83586     0     0
