=================== SIMULATIONS: Linear scale GPD CTC distributions ===================

==== X1 indep. X2: ====
Gamma_12
      estim CI_down CI_up F2_scale0 F2_scale0_se     F2_scale1 F2_scale1_se  F2_shape F2_shape_se F1_scale0 F1_scale0_se
1 0.5107046     NaN   NaN 0.8680084  0.005902883  0.0045253019  0.004572998 0.1875217 0.005191839 0.8748511  0.005960104
2 0.4785510     NaN   NaN 0.8632602  0.005872494  0.0052394726  0.004527726 0.1952101 0.005199490 0.8510379  0.005824805
3 0.5058629     NaN   NaN 0.8590550  0.005863819 -0.0024783271  0.004521474 0.1991652 0.005232614 0.8581125  0.005855522
4 0.4833286     NaN   NaN 0.8680906  0.005923443 -0.0022801591  0.004646346 0.1942929 0.005226719 0.8621980  0.005883888
5 0.5122942     NaN   NaN 0.8617062  0.005883255  0.0001169584  0.004526478 0.1955606 0.005231691 0.8626006  0.005850813
     F1_scale1 F1_scale1_se  F1_shape F1_shape_se       u2       u1 conv2 conv1
1 -0.007166123  0.004553442 0.1831878 0.005203759 2.130535 2.133556     0     0
2 -0.004101184  0.004507320 0.2043370 0.005262290 2.138029 2.131677     0     0
3 -0.003027044  0.004595765 0.2017343 0.005231868 2.133474 2.137845     0     0
4  0.004421751  0.004574432 0.1977281 0.005228799 2.136642 2.127659     0     0
5  0.003640004  0.004491257 0.1842445 0.005164696 2.127852 2.130606     0     0
Gamma_21
      estim CI_down CI_up F2_scale0 F2_scale0_se    F2_scale1 F2_scale1_se  F2_shape F2_shape_se F1_scale0 F1_scale0_se
1 0.5017708     NaN   NaN 0.8748511  0.005960104 -0.007166123  0.004553442 0.1831878 0.005203759 0.8680084  0.005902883
2 0.5192674     NaN   NaN 0.8510379  0.005824805 -0.004101184  0.004507320 0.2043370 0.005262290 0.8632602  0.005872494
3 0.4865627     NaN   NaN 0.8581125  0.005855522 -0.003027044  0.004595765 0.2017343 0.005231868 0.8590550  0.005863819
4 0.5094388     NaN   NaN 0.8621980  0.005883888  0.004421751  0.004574432 0.1977281 0.005228799 0.8680906  0.005923443
5 0.4905980     NaN   NaN 0.8626006  0.005850813  0.003640004  0.004491257 0.1842445 0.005164696 0.8617062  0.005883255
      F1_scale1 F1_scale1_se  F1_shape F1_shape_se       u2       u1 conv2 conv1
1  0.0045253019  0.004572998 0.1875217 0.005191839 2.133556 2.130535     0     0
2  0.0052394726  0.004527726 0.1952101 0.005199490 2.131677 2.138029     0     0
3 -0.0024783271  0.004521474 0.1991652 0.005232614 2.137845 2.133474     0     0
4 -0.0022801591  0.004646346 0.1942929 0.005226719 2.127659 2.136642     0     0
5  0.0001169584  0.004526478 0.1955606 0.005231691 2.130606 2.127852     0     0

==== X1 X2 with confounder: ====
Gamma_12
      estim CI_down CI_up F2_scale0 F2_scale0_se     F2_scale1 F2_scale1_se  F2_shape F2_shape_se F1_scale0 F1_scale0_se
1 0.6056618     NaN   NaN 0.9331795  0.007764103 -2.052356e-05  0.003592220 0.1360156 0.004763697 0.9406079  0.007776310
2 0.5804747     NaN   NaN 0.9233891  0.007724597 -1.441795e-04  0.003559946 0.1465746 0.004837399 0.9208389  0.007706160
3 0.5899088     NaN   NaN 0.9226452  0.007707602 -5.721702e-03  0.003573227 0.1468291 0.004785529 0.9293475  0.007794612
4 0.5854134     NaN   NaN 0.9248503  0.007690910 -9.074801e-04  0.003530694 0.1463277 0.004842555 0.9334994  0.007804639
5 0.6095025     NaN   NaN 0.9137859  0.007699819  7.472028e-04  0.003577827 0.1480390 0.004855562 0.9223103  0.007660925
     F1_scale1 F1_scale1_se  F1_shape F1_shape_se       u2       u1 conv2 conv1
1 -0.003486643  0.003541544 0.1302371 0.004779116 2.808405 2.816854     0     0
2 -0.003767263  0.003539850 0.1498381 0.004823472 2.810704 2.811880     0     0
3 -0.005328574  0.003621622 0.1475889 0.004793915 2.812979 2.816195     0     0
4 -0.007769798  0.003570385 0.1448137 0.004805098 2.818325 2.816889     0     0
5  0.001880519  0.003555806 0.1340785 0.004745380 2.812135 2.807728     0     0
Gamma_21
      estim CI_down CI_up F2_scale0 F2_scale0_se    F2_scale1 F2_scale1_se  F2_shape F2_shape_se F1_scale0 F1_scale0_se
1 0.5949942     NaN   NaN 0.9406079  0.007776310 -0.003486643  0.003541544 0.1302371 0.004779116 0.9331795  0.007764103
2 0.6049113     NaN   NaN 0.9208389  0.007706160 -0.003767263  0.003539850 0.1498381 0.004823472 0.9233891  0.007724597
3 0.5984279     NaN   NaN 0.9293475  0.007794612 -0.005328574  0.003621622 0.1475889 0.004793915 0.9226452  0.007707602
4 0.6064285     NaN   NaN 0.9334994  0.007804639 -0.007769798  0.003570385 0.1448137 0.004805098 0.9248503  0.007690910
5 0.5923251     NaN   NaN 0.9223103  0.007660925  0.001880519  0.003555806 0.1340785 0.004745380 0.9137859  0.007699819
      F1_scale1 F1_scale1_se  F1_shape F1_shape_se       u2       u1 conv2 conv1
1 -2.052356e-05  0.003592220 0.1360156 0.004763697 2.816854 2.808405     0     0
2 -1.441795e-04  0.003559946 0.1465746 0.004837399 2.811880 2.810704     0     0
3 -5.721702e-03  0.003573227 0.1468291 0.004785529 2.816195 2.812979     0     0
4 -9.074801e-04  0.003530694 0.1463277 0.004842555 2.816889 2.818325     0     0
5  7.472028e-04  0.003577827 0.1480390 0.004855562 2.807728 2.812135     0     0

==== X1 -> X2: ====
Gamma_12
      estim   CI_down     CI_up F2_scale0 F2_scale0_se    F2_scale1 F2_scale1_se  F2_shape F2_shape_se F1_scale0 F1_scale0_se
1 0.9991746 0.9991319 0.9992172  1.133012  0.007462821  0.002350334  0.005793589 0.1448580 0.004877639 0.8748511  0.005960104
2 0.9991369 0.9990956 0.9991783  1.114438  0.007425261 -0.006909076  0.005686815 0.1630401 0.004992801 0.8510379  0.005824805
3 0.9992081 0.9991674 0.9992489  1.130946  0.007445086  0.001085161  0.005795387 0.1581406 0.004882529 0.8581125  0.005855522
4 0.9990305 0.9989860 0.9990750  1.135089  0.007513840  0.006198406  0.005893607 0.1557472 0.004929042 0.8621980  0.005883888
5 0.9991476 0.9991037 0.9991915  1.120729  0.007425587  0.001833589  0.005734559 0.1517039 0.004936088 0.8626006  0.005850813
     F1_scale1 F1_scale1_se  F1_shape F1_shape_se       u2       u1 conv2 conv1
1 -0.007166123  0.004553442 0.1831878 0.005203759 3.108278 2.133556     0     0
2 -0.004101184  0.004507320 0.2043370 0.005262290 3.112181 2.131677     0     0
3 -0.003027044  0.004595765 0.2017343 0.005231868 3.112746 2.137845     0     0
4  0.004421751  0.004574432 0.1977281 0.005228799 3.104022 2.127659     0     0
5  0.003640004  0.004491257 0.1842445 0.005164696 3.104357 2.130606     0     0
Gamma_21
      estim CI_down CI_up F2_scale0 F2_scale0_se    F2_scale1 F2_scale1_se  F2_shape F2_shape_se F1_scale0 F1_scale0_se
1 0.8204638     NaN   NaN 0.8748511  0.005960104 -0.007166123  0.004553442 0.1831878 0.005203759  1.133012  0.007462821
2 0.8243630     NaN   NaN 0.8510379  0.005824805 -0.004101184  0.004507320 0.2043370 0.005262290  1.114438  0.007425261
3 0.8066306     NaN   NaN 0.8581125  0.005855522 -0.003027044  0.004595765 0.2017343 0.005231868  1.130946  0.007445086
4 0.8344311     NaN   NaN 0.8621980  0.005883888  0.004421751  0.004574432 0.1977281 0.005228799  1.135089  0.007513840
5 0.8067139     NaN   NaN 0.8626006  0.005850813  0.003640004  0.004491257 0.1842445 0.005164696  1.120729  0.007425587
     F1_scale1 F1_scale1_se  F1_shape F1_shape_se       u2       u1 conv2 conv1
1  0.002350334  0.005793589 0.1448580 0.004877639 2.133556 3.108278     0     0
2 -0.006909076  0.005686815 0.1630401 0.004992801 2.131677 3.112181     0     0
3  0.001085161  0.005795387 0.1581406 0.004882529 2.137845 3.112746     0     0
4  0.006198406  0.005893607 0.1557472 0.004929042 2.127659 3.104022     0     0
5  0.001833589  0.005734559 0.1517039 0.004936088 2.130606 3.104357     0     0

==== X1 -> X2 with confounder: ====
Gamma_12
      estim   CI_down     CI_up F2_scale0 F2_scale0_se F2_scale1 F2_scale1_se   F2_shape F2_shape_se F1_scale0 F1_scale0_se
1 0.9977231 0.9976537 0.9977924  1.178334   0.01103929 0.1726056  0.005151773 0.06340936 0.004057475 0.9406079  0.007776310
2 0.9982839 0.9982224 0.9983454  1.200806   0.01124573 0.1617297  0.005220395 0.06860083 0.004083921 0.9208389  0.007706160
3 0.9986313 0.9985720 0.9986906  1.203297   0.01123208 0.1573492  0.005285292 0.07366971 0.003972788 0.9293475  0.007794612
4 0.9982658 0.9982026 0.9983289  1.194077   0.01108895 0.1620262  0.005233583 0.07081385 0.004036583 0.9334994  0.007804639
5 0.9982707 0.9982093 0.9983320  1.170631   0.01101395 0.1774473  0.005253329 0.06577062 0.004016311 0.9223103  0.007660925
     F1_scale1 F1_scale1_se  F1_shape F1_shape_se       u2       u1 conv2 conv1
1 -0.003486643  0.003541544 0.1302371 0.004779116 4.793198 2.816854     0     0
2 -0.003767263  0.003539850 0.1498381 0.004823472 4.783488 2.811880     0     0
3 -0.005328574  0.003621622 0.1475889 0.004793915 4.786343 2.816195     0     0
4 -0.007769798  0.003570385 0.1448137 0.004805098 4.800116 2.816889     0     0
5  0.001880519  0.003555806 0.1340785 0.004745380 4.780415 2.807728     0     0
Gamma_21
      estim   CI_down     CI_up F2_scale0 F2_scale0_se    F2_scale1 F2_scale1_se  F2_shape F2_shape_se F1_scale0 F1_scale0_se
1 0.8392606 0.8386842 0.8398371 0.9406079  0.007776310 -0.003486643  0.003541544 0.1302371 0.004779116  1.178334   0.01103929
2 0.8486008       NaN       NaN 0.9208389  0.007706160 -0.003767263  0.003539850 0.1498381 0.004823472  1.200806   0.01124573
3 0.8386606       NaN       NaN 0.9293475  0.007794612 -0.005328574  0.003621622 0.1475889 0.004793915  1.203297   0.01123208
4 0.8623532       NaN       NaN 0.9334994  0.007804639 -0.007769798  0.003570385 0.1448137 0.004805098  1.194077   0.01108895
5 0.8449428 0.8443636 0.8455220 0.9223103  0.007660925  0.001880519  0.003555806 0.1340785 0.004745380  1.170631   0.01101395
  F1_scale1 F1_scale1_se   F1_shape F1_shape_se       u2       u1 conv2 conv1
1 0.1726056  0.005151773 0.06340936 0.004057475 2.816854 4.793198     0     0
2 0.1617297  0.005220395 0.06860083 0.004083921 2.811880 4.783488     0     0
3 0.1573492  0.005285292 0.07366971 0.003972788 2.816195 4.786343     0     0
4 0.1620262  0.005233583 0.07081385 0.004036583 2.816889 4.800116     0     0
5 0.1774473  0.005253329 0.06577062 0.004016311 2.807728 4.780415     0     0
