=================== SIMULATIONS: Linear scale GPD CTC distributions ===================

==== X1 indep. X2: ====
Gamma_12
      estim   CI_down     CI_up F2_scale0 F2_scale0_se    F2_scale1 F2_scale1_se  F2_shape F2_shape_se F1_scale0 F1_scale0_se
1 0.4928696 0.4915757 0.4941648  2.208958   0.01718206 -0.004831854   0.01070969 0.5008593 0.006747333  2.227466   0.01727261
2 0.4885106 0.4872071 0.4898175  2.228031   0.01722727 -0.004907878   0.01378077 0.4993854 0.006691509  2.265151   0.01741735
3 0.5031712 0.5018646 0.5044778  2.236869   0.01734715 -0.008597911   0.01440358 0.5146873 0.006742624  2.229519   0.01729770
4 0.5039723 0.5026790 0.5052656  2.241171   0.01731307 -0.004320714   0.01429589 0.4913873 0.006671218  2.260858   0.01739690
5 0.4994351 0.4981361 0.5007359  2.267044   0.01749013  0.002427263   0.01422691 0.4928626 0.006661606  2.228665   0.01727850
     F1_scale1 F1_scale1_se  F1_shape F1_shape_se       u2       u1 conv2 conv1
1 -0.012963005   0.01318216 0.5057714 0.006727758 4.460384 4.481050     0     0
2 -0.002033078   0.01350352 0.4854579 0.006620323 4.477790 4.475672     0     0
3 -0.019936630   0.01339249 0.5039374 0.006724478 4.486426 4.488427     0     0
4  0.002976733   0.01401244 0.4899200 0.006634465 4.464520 4.468185     0     0
5  0.001662192   0.01402905 0.5037205 0.006724315 4.474233 4.474944     0     0
Gamma_21
      estim   CI_down     CI_up F2_scale0 F2_scale0_se    F2_scale1 F2_scale1_se  F2_shape F2_shape_se F1_scale0 F1_scale0_se
1 0.4877023 0.4863982 0.4890064  2.227466   0.01727261 -0.012963005   0.01318216 0.5057714 0.006727758  2.208958   0.01718206
2 0.5054401 0.5041557 0.5067291  2.265151   0.01741735 -0.002033078   0.01350352 0.4854579 0.006620323  2.228031   0.01722727
3 0.4768561 0.4755497 0.4781638  2.229519   0.01729770 -0.019936630   0.01339249 0.5039374 0.006724478  2.236869   0.01734715
4 0.4856419 0.4843495 0.4869344  2.260858   0.01739690  0.002976733   0.01401244 0.4899200 0.006634465  2.241171   0.01731307
5 0.4992810 0.4979707 0.5005933  2.228665   0.01727850  0.001662192   0.01402905 0.5037205 0.006724315  2.267044   0.01749013
     F1_scale1 F1_scale1_se  F1_shape F1_shape_se       u2       u1 conv2 conv1
1 -0.004831854   0.01070969 0.5008593 0.006747333 4.481050 4.460384     0     0
2 -0.004907878   0.01378077 0.4993854 0.006691509 4.475672 4.477790     0     0
3 -0.008597911   0.01440358 0.5146873 0.006742624 4.488427 4.486426     0     0
4 -0.004320714   0.01429589 0.4913873 0.006671218 4.468185 4.464520     0     0
5  0.002427263   0.01422691 0.4928626 0.006661606 4.474944 4.474233     0     0

==== X1 X2 with confounder: ====
Gamma_12
      estim   CI_down     CI_up F2_scale0 F2_scale0_se   F2_scale1 F2_scale1_se  F2_shape F2_shape_se F1_scale0 F1_scale0_se
1 0.5076125 0.5063284 0.5088987  2.205333   0.01705066 -0.02398100 1.129107e-03 0.4989787 0.006707917  2.211513   0.01705300
2 0.5133059 0.5120196 0.5145922  2.212931   0.01722375 -0.02801523 2.431657e-03 0.5023963 0.006707358  2.233037   0.01734925
3 0.5088606 0.5075527 0.5101683  2.226355   0.01740134 -0.03578306 2.615862e-03 0.5162143 0.006748267  2.224929   0.01737955
4 0.5112950 0.5100154 0.5125772  2.221474   0.01718027 -0.02035386 1.280647e-03 0.4947494 0.006690718  2.224398   0.01694573
5 0.5091125 0.5078179 0.5104072  2.229735   0.01712653 -0.01355016 2.125823e-06 0.4997883 0.006698830  2.210191   0.01699021
    F1_scale1 F1_scale1_se  F1_shape F1_shape_se       u2       u1 conv2 conv1
1 -0.02420838 9.683935e-04 0.5070659 0.006714600 5.961956 5.980668     0     0
2 -0.02781008 2.512246e-03 0.4927088 0.006676498 5.978055 5.982713     0     0
3 -0.03655665 2.455935e-03 0.5047171 0.006732356 5.988334 5.993500     0     0
4 -0.02090080 2.125348e-06 0.4970353 0.006668348 5.969640 5.978475     0     0
5 -0.01323934 2.125633e-06 0.5052897 0.006709643 5.981055 5.979722     0     0
Gamma_21
      estim   CI_down     CI_up F2_scale0 F2_scale0_se   F2_scale1 F2_scale1_se  F2_shape F2_shape_se F1_scale0 F1_scale0_se
1 0.5032086 0.5019272 0.5044907  2.211513   0.01705300 -0.02420838 9.683935e-04 0.5070659 0.006714600  2.205333   0.01705066
2 0.5132316 0.5119576 0.5145082  2.233037   0.01734925 -0.02781008 2.512246e-03 0.4927088 0.006676498  2.212931   0.01722375
3 0.4863476 0.4850489 0.4876462  2.224929   0.01737955 -0.03655665 2.455935e-03 0.5047171 0.006732356  2.226355   0.01740134
4 0.4980288 0.4967475 0.4993101  2.224398   0.01694573 -0.02090080 2.125348e-06 0.4970353 0.006668348  2.221474   0.01718027
5 0.4890613 0.4877576 0.4903651  2.210191   0.01699021 -0.01323934 2.125633e-06 0.5052897 0.006709643  2.229735   0.01712653
    F1_scale1 F1_scale1_se  F1_shape F1_shape_se       u2       u1 conv2 conv1
1 -0.02398100 1.129107e-03 0.4989787 0.006707917 5.980668 5.961956     0     0
2 -0.02801523 2.431657e-03 0.5023963 0.006707358 5.982713 5.978055     0     0
3 -0.03578306 2.615862e-03 0.5162143 0.006748267 5.993500 5.988334     0     0
4 -0.02035386 1.280647e-03 0.4947494 0.006690718 5.978475 5.969640     0     0
5 -0.01355016 2.125823e-06 0.4997883 0.006698830 5.979722 5.981055     0     0

==== X1 -> X2: ====
Gamma_12
      estim   CI_down     CI_up F2_scale0 F2_scale0_se    F2_scale1 F2_scale1_se  F2_shape F2_shape_se F1_scale0 F1_scale0_se
1 0.9995046 0.9994731 0.9995362  3.297364   0.02543798 -0.002123115   0.01711362 0.4860482 0.006650298  2.227466   0.01727261
2 0.9994751 0.9994419 0.9995083  3.317045   0.02536524 -0.015871298   0.01807110 0.4770105 0.006559592  2.265151   0.01741735
3 0.9994780 0.9994441 0.9995119  3.320391   0.02557501  0.002648607   0.02165529 0.4954254 0.006648871  2.229519   0.01729770
4 0.9995064 0.9994732 0.9995395  3.306329   0.02529239  0.015574503   0.02077156 0.4767061 0.006563311  2.260858   0.01739690
5 0.9995160 0.9994836 0.9995485  3.340315   0.02558604  0.007190996   0.02106555 0.4800290 0.006576906  2.228665   0.01727850
     F1_scale1 F1_scale1_se  F1_shape F1_shape_se       u2       u1 conv2 conv1
1 -0.012963005   0.01318216 0.5057714 0.006727758 8.091332 4.481050     0     0
2 -0.002033078   0.01350352 0.4854579 0.006620323 8.100448 4.475672     0     0
3 -0.019936630   0.01339249 0.5039374 0.006724478 8.116867 4.488427     0     0
4  0.002976733   0.01401244 0.4899200 0.006634465 8.098015 4.468185     0     0
5  0.001662192   0.01402905 0.5037205 0.006724315 8.105537 4.474944     0     0
Gamma_21
      estim   CI_down     CI_up F2_scale0 F2_scale0_se    F2_scale1 F2_scale1_se  F2_shape F2_shape_se F1_scale0 F1_scale0_se
1 0.7606008 0.7599898 0.7612117  2.227466   0.01727261 -0.012963005   0.01318216 0.5057714 0.006727758  3.297364   0.02543798
2 0.7512729 0.7506043 0.7519415  2.265151   0.01741735 -0.002033078   0.01350352 0.4854579 0.006620323  3.317045   0.02536524
3 0.7234371 0.7227330 0.7241426  2.229519   0.01729770 -0.019936630   0.01339249 0.5039374 0.006724478  3.320391   0.02557501
4 0.7424719 0.7418167 0.7431270  2.260858   0.01739690  0.002976733   0.01401244 0.4899200 0.006634465  3.306329   0.02529239
5 0.7735609 0.7729443 0.7741774  2.228665   0.01727850  0.001662192   0.01402905 0.5037205 0.006724315  3.340315   0.02558604
     F1_scale1 F1_scale1_se  F1_shape F1_shape_se       u2       u1 conv2 conv1
1 -0.002123115   0.01711362 0.4860482 0.006650298 4.481050 8.091332     0     0
2 -0.015871298   0.01807110 0.4770105 0.006559592 4.475672 8.100448     0     0
3  0.002648607   0.02165529 0.4954254 0.006648871 4.488427 8.116867     0     0
4  0.015574503   0.02077156 0.4767061 0.006563311 4.468185 8.098015     0     0
5  0.007190996   0.02106555 0.4800290 0.006576906 4.474944 8.105537     0     0

==== X1 -> X2 with confounder: ====
Gamma_12
      estim   CI_down     CI_up F2_scale0 F2_scale0_se   F2_scale1 F2_scale1_se  F2_shape F2_shape_se F1_scale0 F1_scale0_se
1 0.9995044 0.9994754 0.9995333  3.295397   0.02575233 -0.02324244  0.004567142 0.4832552 0.006622623  2.211513   0.01705300
2 0.9994912 0.9994614 0.9995209  3.312612   0.02574277 -0.02181217  0.004862804 0.4749988 0.006542461  2.233037   0.01734925
3 0.9994878 0.9994588 0.9995169  3.341292   0.02615318 -0.03093375  0.005031608 0.4893680 0.006600378  2.224929   0.01737955
4 0.9995130 0.9994845 0.9995415  3.312880   0.02555539 -0.02204624  0.004215103 0.4728149 0.006517512  2.224398   0.01694573
5 0.9995102 0.9994815 0.9995389  3.324904   0.02579141 -0.01306740  0.004052802 0.4807198 0.006594708  2.210191   0.01699021
    F1_scale1 F1_scale1_se  F1_shape F1_shape_se       u2       u1 conv2 conv1
1 -0.02420838 9.683935e-04 0.5070659 0.006714600 11.16237 5.980668     0     0
2 -0.02781008 2.512246e-03 0.4927088 0.006676498 11.17152 5.982713     0     0
3 -0.03655665 2.455935e-03 0.5047171 0.006732356 11.18440 5.993500     0     0
4 -0.02090080 2.125348e-06 0.4970353 0.006668348 11.17152 5.978475     0     0
5 -0.01323934 2.125633e-06 0.5052897 0.006709643 11.18461 5.979722     0     0
Gamma_21
      estim   CI_down     CI_up F2_scale0 F2_scale0_se   F2_scale1 F2_scale1_se  F2_shape F2_shape_se F1_scale0 F1_scale0_se
1 0.7729254 0.7723264 0.7735244  2.211513   0.01705300 -0.02420838 9.683935e-04 0.5070659 0.006714600  3.295397   0.02575233
2 0.7477755 0.7471089 0.7484427  2.233037   0.01734925 -0.02781008 2.512246e-03 0.4927088 0.006676498  3.312612   0.02574277
3 0.7293956 0.7287032 0.7300878  2.224929   0.01737955 -0.03655665 2.455935e-03 0.5047171 0.006732356  3.341292   0.02615318
4 0.7495065 0.7488577 0.7501553  2.224398   0.01694573 -0.02090080 2.125348e-06 0.4970353 0.006668348  3.312880   0.02555539
5 0.7689987 0.7683930 0.7696043  2.210191   0.01699021 -0.01323934 2.125633e-06 0.5052897 0.006709643  3.324904   0.02579141
    F1_scale1 F1_scale1_se  F1_shape F1_shape_se       u2       u1 conv2 conv1
1 -0.02324244  0.004567142 0.4832552 0.006622623 5.980668 11.16237     0     0
2 -0.02181217  0.004862804 0.4749988 0.006542461 5.982713 11.17152     0     0
3 -0.03093375  0.005031608 0.4893680 0.006600378 5.993500 11.18440     0     0
4 -0.02204624  0.004215103 0.4728149 0.006517512 5.978475 11.17152     0     0
5 -0.01306740  0.004052802 0.4807198 0.006594708 5.979722 11.18461     0     0
