=================== SIMULATIONS: Linear scale GPD CTC distributions ===================

==== X1 indep. X2: ====
Gamma_12
      estim CI_down CI_up F2_scale0 F2_scale0_se     F2_scale1 F2_scale1_se  F2_shape F2_shape_se F1_scale0 F1_scale0_se
1 0.5003122     NaN   NaN 0.8552914  0.005840676  5.086134e-03  0.004534260 0.2037428 0.005240154 0.8613786  0.005881437
2 0.4825178     NaN   NaN 0.8644970  0.005893615  6.007576e-03  0.004636875 0.1963402 0.005219010 0.8655241  0.005918421
3 0.5181389     NaN   NaN 0.8644740  0.005903269 -1.345741e-05  0.004541975 0.1931189 0.005232473 0.8650451  0.005866530
4 0.5089754     NaN   NaN 0.8710741  0.005903446  5.458432e-03  0.004521402 0.1832810 0.005157415 0.8734689  0.005955069
5 0.4718192     NaN   NaN 0.8628772  0.005875371  1.981501e-04  0.004569692 0.1942631 0.005210027 0.8526577  0.005825910
      F1_scale1 F1_scale1_se  F1_shape F1_shape_se       u2       u1 conv2 conv1
1 -0.0016300470  0.004454265 0.1977851 0.005234694 2.129385 2.138961     0     0
2 -0.0020572186  0.004569983 0.1961426 0.005248105 2.137427 2.127511     0     0
3  0.0012697678  0.004596333 0.1849232 0.005165492 2.129187 2.129462     0     0
4 -0.0017179262  0.004543737 0.1842721 0.005211446 2.131269 2.129784     0     0
5  0.0009827338  0.004517867 0.2028650 0.005245145 2.137904 2.132545     0     0
Gamma_21
      estim CI_down CI_up F2_scale0 F2_scale0_se     F2_scale1 F2_scale1_se  F2_shape F2_shape_se F1_scale0 F1_scale0_se
1 0.4927049     NaN   NaN 0.8613786  0.005881437 -0.0016300470  0.004454265 0.1977851 0.005234694 0.8552914  0.005840676
2 0.5105766     NaN   NaN 0.8655241  0.005918421 -0.0020572186  0.004569983 0.1961426 0.005248105 0.8644970  0.005893615
3 0.5024322     NaN   NaN 0.8650451  0.005866530  0.0012697678  0.004596333 0.1849232 0.005165492 0.8644740  0.005903269
4 0.4977681     NaN   NaN 0.8734689  0.005955069 -0.0017179262  0.004543737 0.1842721 0.005211446 0.8710741  0.005903446
5 0.5137121     NaN   NaN 0.8526577  0.005825910  0.0009827338  0.004517867 0.2028650 0.005245145 0.8628772  0.005875371
      F1_scale1 F1_scale1_se  F1_shape F1_shape_se       u2       u1 conv2 conv1
1  5.086134e-03  0.004534260 0.2037428 0.005240154 2.138961 2.129385     0     0
2  6.007576e-03  0.004636875 0.1963402 0.005219010 2.127511 2.137427     0     0
3 -1.345741e-05  0.004541975 0.1931189 0.005232473 2.129462 2.129187     0     0
4  5.458432e-03  0.004521402 0.1832810 0.005157415 2.129784 2.131269     0     0
5  1.981501e-04  0.004569692 0.1942631 0.005210027 2.132545 2.137904     0     0

==== X1 X2 with confounder: ====
Gamma_12
      estim CI_down CI_up F2_scale0 F2_scale0_se  F2_scale1 F2_scale1_se  F2_shape F2_shape_se F1_scale0 F1_scale0_se  F1_scale1
1 0.5838534     NaN   NaN 0.9048176  0.007498344 0.07099996  0.003223502 0.1359418 0.004634849 0.8983121  0.007461461 0.07879337
2 0.5451744     NaN   NaN 0.9037937  0.007570201 0.07069544  0.003256186 0.1358293 0.004731366 0.9010747  0.007527135 0.07624349
3 0.5816313     NaN   NaN 0.8951585  0.007427173 0.07898674  0.003181329 0.1326893 0.004715188 0.8824826  0.007324066 0.08002005
4 0.5803205     NaN   NaN 0.8959333  0.007391769 0.07992622  0.003222772 0.1249680 0.004617607 0.8982269  0.007470946 0.07905237
5 0.5553773     NaN   NaN 0.9066696  0.007536612 0.07676736  0.003230256 0.1281171 0.004652444 0.8896391  0.007434427 0.07772015
  F1_scale1_se  F1_shape F1_shape_se       u2       u1 conv2 conv1
1  0.003253464 0.1335114 0.004641779 2.944696 2.949515     0     0
2  0.003241009 0.1331351 0.004714289 2.947250 2.938767     0     0
3  0.003164917 0.1301252 0.004681129 2.944536 2.950623     0     0
4  0.003208537 0.1246808 0.004703436 2.946769 2.944031     0     0
5  0.003205545 0.1392140 0.004703409 2.950488 2.947811     0     0
Gamma_21
      estim CI_down CI_up F2_scale0 F2_scale0_se  F2_scale1 F2_scale1_se  F2_shape F2_shape_se F1_scale0 F1_scale0_se  F1_scale1
1 0.5710090     NaN   NaN 0.8983121  0.007461461 0.07879337  0.003253464 0.1335114 0.004641779 0.9048176  0.007498344 0.07099996
2 0.5687350     NaN   NaN 0.9010747  0.007527135 0.07624349  0.003241009 0.1331351 0.004714289 0.9037937  0.007570201 0.07069544
3 0.5720520     NaN   NaN 0.8824826  0.007324066 0.08002005  0.003164917 0.1301252 0.004681129 0.8951585  0.007427173 0.07898674
4 0.5757767     NaN   NaN 0.8982269  0.007470946 0.07905237  0.003208537 0.1246808 0.004703436 0.8959333  0.007391769 0.07992622
5 0.5956205     NaN   NaN 0.8896391  0.007434427 0.07772015  0.003205545 0.1392140 0.004703409 0.9066696  0.007536612 0.07676736
  F1_scale1_se  F1_shape F1_shape_se       u2       u1 conv2 conv1
1  0.003223502 0.1359418 0.004634849 2.949515 2.944696     0     0
2  0.003256186 0.1358293 0.004731366 2.938767 2.947250     0     0
3  0.003181329 0.1326893 0.004715188 2.950623 2.944536     0     0
4  0.003222772 0.1249680 0.004617607 2.944031 2.946769     0     0
5  0.003230256 0.1281171 0.004652444 2.947811 2.950488     0     0

==== X1 -> X2: ====
Gamma_12
      estim   CI_down     CI_up F2_scale0 F2_scale0_se     F2_scale1 F2_scale1_se  F2_shape F2_shape_se F1_scale0 F1_scale0_se
1 0.9991527 0.9991069 0.9991984  1.131434  0.007448672  0.0086825263  0.005791473 0.1584164 0.004883141 0.8613786  0.005881437
2 0.9990558 0.9990104 0.9991011  1.132241  0.007515129 -0.0003602322  0.005866134 0.1568012 0.004954340 0.8655241  0.005918421
3 0.9991578 0.9991139 0.9992017  1.124192  0.007447092 -0.0020146814  0.005763281 0.1509804 0.004933404 0.8650451  0.005866530
4 0.9991153 0.9990722 0.9991585  1.131207  0.007444954  0.0017164869  0.005680363 0.1443387 0.004871086 0.8734689  0.005955069
5 0.9990934 0.9990500 0.9991368  1.114987  0.007427653  0.0051006942  0.005762880 0.1615878 0.004990004 0.8526577  0.005825910
      F1_scale1 F1_scale1_se  F1_shape F1_shape_se       u2       u1 conv2 conv1
1 -0.0016300470  0.004454265 0.1977851 0.005234694 3.111042 2.138961     0     0
2 -0.0020572186  0.004569983 0.1961426 0.005248105 3.105768 2.127511     0     0
3  0.0012697678  0.004596333 0.1849232 0.005165492 3.106365 2.129462     0     0
4 -0.0017179262  0.004543737 0.1842721 0.005211446 3.104545 2.129784     0     0
5  0.0009827338  0.004517867 0.2028650 0.005245145 3.111730 2.132545     0     0
Gamma_21
      estim CI_down CI_up F2_scale0 F2_scale0_se     F2_scale1 F2_scale1_se  F2_shape F2_shape_se F1_scale0 F1_scale0_se
1 0.8001569     NaN   NaN 0.8613786  0.005881437 -0.0016300470  0.004454265 0.1977851 0.005234694  1.131434  0.007448672
2 0.8236709     NaN   NaN 0.8655241  0.005918421 -0.0020572186  0.004569983 0.1961426 0.005248105  1.132241  0.007515129
3 0.8183167     NaN   NaN 0.8650451  0.005866530  0.0012697678  0.004596333 0.1849232 0.005165492  1.124192  0.007447092
4 0.8184459     NaN   NaN 0.8734689  0.005955069 -0.0017179262  0.004543737 0.1842721 0.005211446  1.131207  0.007444954
5 0.8239078     NaN   NaN 0.8526577  0.005825910  0.0009827338  0.004517867 0.2028650 0.005245145  1.114987  0.007427653
      F1_scale1 F1_scale1_se  F1_shape F1_shape_se       u2       u1 conv2 conv1
1  0.0086825263  0.005791473 0.1584164 0.004883141 2.138961 3.111042     0     0
2 -0.0003602322  0.005866134 0.1568012 0.004954340 2.127511 3.105768     0     0
3 -0.0020146814  0.005763281 0.1509804 0.004933404 2.129462 3.106365     0     0
4  0.0017164869  0.005680363 0.1443387 0.004871086 2.129784 3.104545     0     0
5  0.0051006942  0.005762880 0.1615878 0.004990004 2.132545 3.111730     0     0

==== X1 -> X2 with confounder: ====
Gamma_12
      estim   CI_down     CI_up F2_scale0 F2_scale0_se F2_scale1 F2_scale1_se   F2_shape F2_shape_se F1_scale0 F1_scale0_se
1 0.9976594 0.9975499 0.9977689  1.144082  0.010588390 0.2989966  0.004745897 0.06994673 0.003813207 0.8983121  0.007461461
2 0.9975298       NaN       NaN  1.170324  0.010118570 0.2906351  0.004250420 0.05986563 0.003854485 0.9010747  0.007527135
3 0.9972338 0.9971453 0.9973223  1.141026  0.010424541 0.3052832  0.004512915 0.05778828 0.003901438 0.8824826  0.007324066
4 0.9972397 0.9971797 0.9972996  1.187266  0.007974144 0.2807367  0.002420678 0.04830194 0.003718867 0.8982269  0.007470946
5 0.9979775 0.9979043 0.9980506  1.147468  0.010623704 0.3073605  0.004690931 0.05975302 0.003909275 0.8896391  0.007434427
   F1_scale1 F1_scale1_se  F1_shape F1_shape_se       u2       u1 conv2 conv1
1 0.07879337  0.003253464 0.1335114 0.004641779 5.070362 2.949515     0     0
2 0.07624349  0.003241009 0.1331351 0.004714289 5.059346 2.938767     0     0
3 0.08002005  0.003164917 0.1301252 0.004681129 5.063620 2.950623     0     0
4 0.07905237  0.003208537 0.1246808 0.004703436 5.057701 2.944031     0     0
5 0.07772015  0.003205545 0.1392140 0.004703409 5.066814 2.947811     0     0
Gamma_21
      estim CI_down CI_up F2_scale0 F2_scale0_se  F2_scale1 F2_scale1_se  F2_shape F2_shape_se F1_scale0 F1_scale0_se F1_scale1
1 0.8124667     NaN   NaN 0.8983121  0.007461461 0.07879337  0.003253464 0.1335114 0.004641779  1.144082  0.010588390 0.2989966
2 0.8395644     NaN   NaN 0.9010747  0.007527135 0.07624349  0.003241009 0.1331351 0.004714289  1.170324  0.010118570 0.2906351
3 0.8295899     NaN   NaN 0.8824826  0.007324066 0.08002005  0.003164917 0.1301252 0.004681129  1.141026  0.010424541 0.3052832
4 0.8441217     NaN   NaN 0.8982269  0.007470946 0.07905237  0.003208537 0.1246808 0.004703436  1.187266  0.007974144 0.2807367
5 0.8321027     NaN   NaN 0.8896391  0.007434427 0.07772015  0.003205545 0.1392140 0.004703409  1.147468  0.010623704 0.3073605
  F1_scale1_se   F1_shape F1_shape_se       u2       u1 conv2 conv1
1  0.004745897 0.06994673 0.003813207 2.949515 5.070362     0     0
2  0.004250420 0.05986563 0.003854485 2.938767 5.059346     0     0
3  0.004512915 0.05778828 0.003901438 2.950623 5.063620     0     0
4  0.002420678 0.04830194 0.003718867 2.944031 5.057701     0     0
5  0.004690931 0.05975302 0.003909275 2.947811 5.066814     0     0
