=================== SIMULATIONS: Linear scale GPD CTC distributions ===================

==== X1 indep. X2: ====
Gamma_12
      estim   CI_down     CI_up F2_scale0 F2_scale0_se    F2_scale1 F2_scale1_se  F2_shape F2_shape_se F1_scale0 F1_scale0_se
1 0.4936226 0.4922881 0.4949586  2.197191   0.01708456  0.013962570   0.01873382 0.5044064 0.006775958  2.228139   0.01727890
2 0.4885101 0.4868839 0.4900189  2.227860   0.01722632  0.008282104   0.05870743 0.4994937 0.006692357  2.260165   0.01736767
3 0.5022168       NaN       NaN  2.256820   0.01771135 -0.011979882   0.00425230 0.5231999 0.006926770  2.231008   0.01732051
4 0.5038288       NaN       NaN  2.258556   0.00769190  5.402278133          NaN 0.4894270 0.006648357  2.261829   0.01740400
5 0.4981172       NaN       NaN  2.275826   0.01430924  5.982449170          NaN 0.4926978 0.006660144  2.229291   0.01728685
     F1_scale1 F1_scale1_se  F1_shape F1_shape_se       u2       u1 conv2 conv1
1 -0.015077473  0.017348639 0.5055909 0.006726768 4.460384 4.481050     0     0
2  0.003709250  0.012146295 0.4863055 0.006622311 4.477790 4.475672     0     0
3 -0.009400517  0.006678556 0.5042144 0.006732780 4.486426 4.488427     0     0
4  0.040789925  0.053499945 0.4896169 0.006632323 4.464520 4.468185     0     0
5 -0.171738701  0.553932708 0.5031245 0.006716838 4.474233 4.474944     0     0
Gamma_21
      estim   CI_down     CI_up F2_scale0 F2_scale0_se    F2_scale1 F2_scale1_se  F2_shape F2_shape_se F1_scale0 F1_scale0_se
1 0.4889341       NaN       NaN  2.228139   0.01727890 -0.015077473  0.017348639 0.5055909 0.006726768  2.197191   0.01708456
2 0.5053211 0.5040322 0.5066148  2.260165   0.01736767  0.003709250  0.012146295 0.4863055 0.006622311  2.227860   0.01722632
3 0.4730217       NaN       NaN  2.231008   0.01732051 -0.009400517  0.006678556 0.5042144 0.006732780  2.256820   0.01771135
4 0.4888934 0.4875078 0.4902708  2.261829   0.01740400  0.040789925  0.053499945 0.4896169 0.006632323  2.258556   0.00769190
5 0.4988526       NaN       NaN  2.229291   0.01728685 -0.171738701  0.553932708 0.5031245 0.006716838  2.275826   0.01430924
     F1_scale1 F1_scale1_se  F1_shape F1_shape_se       u2       u1 conv2 conv1
1  0.013962570   0.01873382 0.5044064 0.006775958 4.481050 4.460384     0     0
2  0.008282104   0.05870743 0.4994937 0.006692357 4.475672 4.477790     0     0
3 -0.011979882   0.00425230 0.5231999 0.006926770 4.488427 4.486426     0     0
4  5.402278133          NaN 0.4894270 0.006648357 4.468185 4.464520     0     0
5  5.982449170          NaN 0.4926978 0.006660144 4.474944 4.474233     0     0

==== X1 X2 with confounder: ====
Gamma_12
      estim   CI_down     CI_up F2_scale0 F2_scale0_se   F2_scale1 F2_scale1_se     F2_shape F2_shape_se F1_scale0 F1_scale0_se
1 0.3308077       NaN       NaN 61.299556          NaN 10841.65577          NaN   0.11732190 0.005286572 61.409894          NaN
2 0.3079077       NaN       NaN 72.013996          NaN  6602.19116          NaN   0.20720030 0.008586242 71.895721          NaN
3 0.4483049 0.4469657 0.4496442  9.781077   0.07408373   274.50610     1.541507   0.07009002 0.002783635  9.501086   0.07162684
4 0.3470630       NaN       NaN 69.795204          NaN 18008.63162          NaN   0.10414035 0.004874273 69.795755          NaN
5       NaN       NaN       NaN  3.074401   0.23387190    45.88458    30.725796 220.06922152         NaN  3.153562   0.23737146
   F1_scale1 F1_scale1_se     F1_shape F1_shape_se       u2       u1 conv2 conv1
1 10841.5181          NaN   0.11786585 0.005442687 22.88706 22.91206     0     0
2  6605.5180          NaN   0.19487815 0.008352328 22.96895 22.96205     0     0
3   275.2009     1.536104   0.07417546 0.002737828 23.07033 23.04520     0     0
4 18007.5690          NaN   0.10935174 0.004839973 22.94129 23.00532     0     0
5    41.7881    29.931023 220.06570199         NaN 23.13029 23.13723     0     0
Gamma_21
      estim   CI_down     CI_up F2_scale0 F2_scale0_se  F2_scale1 F2_scale1_se     F2_shape F2_shape_se F1_scale0 F1_scale0_se
1 0.3230145       NaN       NaN 61.409894          NaN 10841.5181          NaN   0.11786585 0.005442687 61.299556          NaN
2 0.3320855       NaN       NaN 71.895721          NaN  6605.5180          NaN   0.19487815 0.008352328 72.013996          NaN
3 0.4361511 0.4348046 0.4374977  9.501086   0.07162684   275.2009     1.536104   0.07417546 0.002737828  9.781077   0.07408373
4 0.3413156       NaN       NaN 69.795755          NaN 18007.5690          NaN   0.10935174 0.004839973 69.795204          NaN
5       NaN       NaN       NaN  3.153562   0.23737146    41.7881    29.931023 220.06570199         NaN  3.074401   0.23387190
    F1_scale1 F1_scale1_se     F1_shape F1_shape_se       u2       u1 conv2 conv1
1 10841.65577          NaN   0.11732190 0.005286572 22.91206 22.88706     0     0
2  6602.19116          NaN   0.20720030 0.008586242 22.96205 22.96895     0     0
3   274.50610     1.541507   0.07009002 0.002783635 23.04520 23.07033     0     0
4 18008.63162          NaN   0.10414035 0.004874273 23.00532 22.94129     0     0
5    45.88458    30.725796 220.06922152         NaN 23.13723 23.13029     0     0

==== X1 -> X2: ====
Gamma_12
      estim   CI_down     CI_up F2_scale0 F2_scale0_se    F2_scale1 F2_scale1_se  F2_shape F2_shape_se F1_scale0 F1_scale0_se
1 0.9994784 0.9994088 0.9995295  3.268594   0.02535245  0.008875343   0.01298883 0.4992253 0.006817536  2.228139   0.01727890
2 0.9994744 0.9992295 0.9995889  3.316409   0.02536114  0.021596031   0.03881576 0.4771957 0.006561436  2.260165   0.01736767
3 0.9994812 0.9994263 0.9995337  3.319093   0.02555209 -0.009721235   0.01484892 0.4951338 0.006642262  2.231008   0.01732051
4 0.9995046 0.9989706 0.9997252  3.311245   0.02534780  0.095631101   0.12595716 0.4765377 0.006568412  2.261829   0.01740400
5 0.9995141       NaN       NaN  3.342515   0.02561764 -0.011822621   0.79960740 0.4796931 0.006574907  2.229291   0.01728685
     F1_scale1 F1_scale1_se  F1_shape F1_shape_se       u2       u1 conv2 conv1
1 -0.015077473  0.017348639 0.5055909 0.006726768 8.091332 4.481050     0     0
2  0.003709250  0.012146295 0.4863055 0.006622311 8.100448 4.475672     0     0
3 -0.009400517  0.006678556 0.5042144 0.006732780 8.116867 4.488427     0     0
4  0.040789925  0.053499945 0.4896169 0.006632323 8.098015 4.468185     0     0
5 -0.171738701  0.553932708 0.5031245 0.006716838 8.105537 4.474944     0     0
Gamma_21
      estim   CI_down     CI_up F2_scale0 F2_scale0_se    F2_scale1 F2_scale1_se  F2_shape F2_shape_se F1_scale0 F1_scale0_se
1 0.7673043       NaN       NaN  2.228139   0.01727890 -0.015077473  0.017348639 0.5055909 0.006726768  3.268594   0.02535245
2 0.7504877 0.7498044 0.7511664  2.260165   0.01736767  0.003709250  0.012146295 0.4863055 0.006622311  3.316409   0.02536114
3 0.7239843       NaN       NaN  2.231008   0.01732051 -0.009400517  0.006678556 0.5042144 0.006732780  3.319093   0.02555209
4 0.7414174 0.7406928 0.7421331  2.261829   0.01740400  0.040789925  0.053499945 0.4896169 0.006632323  3.311245   0.02534780
5 0.7746491       NaN       NaN  2.229291   0.01728685 -0.171738701  0.553932708 0.5031245 0.006716838  3.342515   0.02561764
     F1_scale1 F1_scale1_se  F1_shape F1_shape_se       u2       u1 conv2 conv1
1  0.008875343   0.01298883 0.4992253 0.006817536 4.481050 8.091332     0     0
2  0.021596031   0.03881576 0.4771957 0.006561436 4.475672 8.100448     0     0
3 -0.009721235   0.01484892 0.4951338 0.006642262 4.488427 8.116867     0     0
4  0.095631101   0.12595716 0.4765377 0.006568412 4.468185 8.098015     0     0
5 -0.011822621   0.79960740 0.4796931 0.006574907 4.474944 8.105537     0     0

==== X1 -> X2 with confounder: ====
Gamma_12
      estim   CI_down     CI_up   F2_scale0 F2_scale0_se    F2_scale1 F2_scale1_se    F2_shape F2_shape_se F1_scale0
1 0.9970979       NaN       NaN  121.296506          NaN   21746.9674          NaN  0.08670364 0.004913782 61.409894
2 0.9974389       NaN       NaN  136.344751          NaN   12656.2960          NaN  0.15916168 0.007438942 71.895721
3 0.9950388 0.9950161 0.9950483   17.411163    0.1284191     559.9907     2.968885  0.04930702 0.002375025  9.501086
4 0.9575332 0.9575045 0.9575619    7.326106    0.2624619    1957.5840    71.895115 54.73668124         NaN 69.795755
5       NaN       NaN       NaN 2371.129411    0.6780384 1426871.3853   301.523123  0.17923770 0.014495249  3.153562
  F1_scale0_se  F1_scale1 F1_scale1_se     F1_shape F1_shape_se       u2       u1 conv2 conv1
1          NaN 10841.5181          NaN   0.11786585 0.005442687 44.97876 22.91206     0     0
2          NaN  6605.5180          NaN   0.19487815 0.008352328 45.10506 22.96205     0     0
3   0.07162684   275.2009     1.536104   0.07417546 0.002737828 45.32242 23.04520     0     0
4          NaN 18007.5690          NaN   0.10935174 0.004839973 45.14700 23.00532     0     0
5   0.23737146    41.7881    29.931023 220.06570199         NaN 45.42006 23.13723     0     0
Gamma_21
      estim   CI_down     CI_up F2_scale0 F2_scale0_se  F2_scale1 F2_scale1_se     F2_shape F2_shape_se   F1_scale0 F1_scale0_se
1 0.6750291       NaN       NaN 61.409894          NaN 10841.5181          NaN   0.11786585 0.005442687  121.296506          NaN
2 0.6201184       NaN       NaN 71.895721          NaN  6605.5180          NaN   0.19487815 0.008352328  136.344751          NaN
3 0.7040636 0.7033314 0.7047519  9.501086   0.07162684   275.2009     1.536104   0.07417546 0.002737828   17.411163    0.1284191
4       NaN       NaN       NaN 69.795755          NaN 18007.5690          NaN   0.10935174 0.004839973    7.326106    0.2624619
5 0.5532576       NaN       NaN  3.153562   0.23737146    41.7881    29.931023 220.06570199         NaN 2371.129411    0.6780384
     F1_scale1 F1_scale1_se    F1_shape F1_shape_se       u2       u1 conv2 conv1
1   21746.9674          NaN  0.08670364 0.004913782 22.91206 44.97876     0     0
2   12656.2960          NaN  0.15916168 0.007438942 22.96205 45.10506     0     0
3     559.9907     2.968885  0.04930702 0.002375025 23.04520 45.32242     0     0
4    1957.5840    71.895115 54.73668124         NaN 23.00532 45.14700     0     0
5 1426871.3853   301.523123  0.17923770 0.014495249 23.13723 45.42006     0     0
