=================== SIMULATIONS: Linear scale GPD CTC distributions ===================

==== X1 indep. X2: ====
Gamma_12
      estim   CI_down     CI_up F2_scale0 F2_scale0_se    F2_scale1 F2_scale1_se  F2_shape F2_shape_se F1_scale0 F1_scale0_se
1 0.4936214 0.4923267 0.4949174  2.207895   0.01716701  0.005821220  0.007870415 0.5007180 0.006742794  2.225711   0.01725524
2 0.4889537 0.4876401 0.4902707  2.227924   0.01722158 -0.002573546  0.014700775 0.4990816 0.006686157  2.265104   0.01741481
3 0.5011557 0.4998511 0.5024602  2.235683   0.01733121 -0.015715225  0.006980915 0.5146179 0.006738648  2.231302   0.01732761
4 0.5043131 0.5030169 0.5056092  2.241798   0.01732173 -0.012503951  0.014449435 0.4914593 0.006674075  2.262127   0.01741188
5 0.4994351 0.4981249 0.5007471  2.267121   0.01749103  0.004652809  0.026663895 0.4928582 0.006661720  2.229332   0.01728313
     F1_scale1 F1_scale1_se  F1_shape F1_shape_se       u2       u1 conv2 conv1
1 -0.008348832  0.008292596 0.5060682 0.006728543 4.460384 4.481050     0     0
2  0.002555173  0.011392500 0.4853408 0.006618319 4.477790 4.475672     0     0
3 -0.013246822  0.007200251 0.5044818 0.006737763 4.486426 4.488427     0     0
4  0.009337958  0.014154849 0.4898749 0.006636993 4.464520 4.468185     0     0
5  0.007155641  0.031220600 0.5034795 0.006722047 4.474233 4.474944     0     0
Gamma_21
      estim   CI_down     CI_up F2_scale0 F2_scale0_se    F2_scale1 F2_scale1_se  F2_shape F2_shape_se F1_scale0 F1_scale0_se
1 0.4881545 0.4868508 0.4894583  2.225711   0.01725524 -0.008348832  0.008292596 0.5060682 0.006728543  2.207895   0.01716701
2 0.5045973 0.5033128 0.5058865  2.265104   0.01741481  0.002555173  0.011392500 0.4853408 0.006618319  2.227924   0.01722158
3 0.4768554       NaN       NaN  2.231302   0.01732761 -0.013246822  0.007200251 0.5044818 0.006737763  2.235683   0.01733121
4 0.4856417 0.4843460 0.4869374  2.262127   0.01741188  0.009337958  0.014154849 0.4898749 0.006636993  2.241798   0.01732173
5 0.4992809 0.4979603 0.5006035  2.229332   0.01728313  0.007155641  0.031220600 0.5034795 0.006722047  2.267121   0.01749103
     F1_scale1 F1_scale1_se  F1_shape F1_shape_se       u2       u1 conv2 conv1
1  0.005821220  0.007870415 0.5007180 0.006742794 4.481050 4.460384     0     0
2 -0.002573546  0.014700775 0.4990816 0.006686157 4.475672 4.477790     0     0
3 -0.015715225  0.006980915 0.5146179 0.006738648 4.488427 4.486426     0     0
4 -0.012503951  0.014449435 0.4914593 0.006674075 4.468185 4.464520     0     0
5  0.004652809  0.026663895 0.4928582 0.006661720 4.474944 4.474233     0     0

==== X1 X2 with confounder: ====
Gamma_12
      estim   CI_down     CI_up F2_scale0 F2_scale0_se F2_scale1 F2_scale1_se  F2_shape F2_shape_se F1_scale0 F1_scale0_se
1 0.4840155 0.4827001 0.4853325  2.616610   0.02247109 0.7306469  0.011784255 0.3753432 0.005878226  2.618964   0.02243176
2 0.4867807 0.4854634 0.4880979  2.620185   0.02248259 0.6854853  0.011013276 0.3803810 0.005881477  2.642720   0.02246496
3 0.4775094 0.4761992 0.4788197  2.643364   0.02276962 0.6078008  0.009797941 0.3929020 0.005926256  2.672132   0.02280936
4 0.4881120 0.4867935 0.4894325  2.676007   0.02273348 0.8497401  0.013490146 0.3616762 0.005743621  2.665348   0.02273972
5 0.4852910 0.4839804 0.4866032  2.658062   0.02269325 1.3279902  0.021424315 0.3747233 0.005847239  2.650209   0.02266648
  F1_scale1 F1_scale1_se  F1_shape F1_shape_se       u2       u1 conv2 conv1
1 0.7255294   0.01181923 0.3848676 0.005892483 8.071891 8.085424     0     0
2 0.6868758   0.01100752 0.3686667 0.005804846 8.091677 8.099624     0     0
3 0.6135188   0.00979875 0.3737571 0.005819093 8.096593 8.098402     0     0
4 0.8444865   0.01347605 0.3681113 0.005789038 8.091640 8.098577     0     0
5 1.3386108   0.02154089 0.3773394 0.005840578 8.101413 8.096226     0     0
Gamma_21
      estim   CI_down     CI_up F2_scale0 F2_scale0_se F2_scale1 F2_scale1_se  F2_shape F2_shape_se F1_scale0 F1_scale0_se
1 0.4696519 0.4683492 0.4709546  2.618964   0.02243176 0.7255294   0.01181923 0.3848676 0.005892483  2.616610   0.02247109
2 0.4845905 0.4832826 0.4858992  2.642720   0.02246496 0.6868758   0.01100752 0.3686667 0.005804846  2.620185   0.02248259
3 0.4737574 0.4724363 0.4750802  2.672132   0.02280936 0.6135188   0.00979875 0.3737571 0.005819093  2.643364   0.02276962
4 0.4857157 0.4844074 0.4870244  2.665348   0.02273972 0.8444865   0.01347605 0.3681113 0.005789038  2.676007   0.02273348
5 0.4685778 0.4672701 0.4698855  2.650209   0.02266648 1.3386108   0.02154089 0.3773394 0.005840578  2.658062   0.02269325
  F1_scale1 F1_scale1_se  F1_shape F1_shape_se       u2       u1 conv2 conv1
1 0.7306469  0.011784255 0.3753432 0.005878226 8.085424 8.071891     0     0
2 0.6854853  0.011013276 0.3803810 0.005881477 8.099624 8.091677     0     0
3 0.6078008  0.009797941 0.3929020 0.005926256 8.098402 8.096593     0     0
4 0.8497401  0.013490146 0.3616762 0.005743621 8.098577 8.091640     0     0
5 1.3279902  0.021424315 0.3747233 0.005847239 8.096226 8.101413     0     0

==== X1 -> X2: ====
Gamma_12
      estim   CI_down     CI_up F2_scale0 F2_scale0_se    F2_scale1 F2_scale1_se  F2_shape F2_shape_se F1_scale0 F1_scale0_se
1 0.9995064 0.9994753 0.9995376  3.296647   0.02542432  0.005134439  0.009700816 0.4858493 0.006645900  2.225711   0.01725524
2 0.9994739 0.9994372 0.9995106  3.318626   0.02537931  0.003449933  0.014822534 0.4767606 0.006557953  2.265104   0.01741481
3 0.9994823 0.9994433 0.9995214  3.320109   0.02557001 -0.003980742  0.022567790 0.4953848 0.006647830  2.231302   0.01732761
4 0.9995085 0.9994664 0.9995507  3.308078   0.02531116  0.026448035  0.026674233 0.4766121 0.006564513  2.262127   0.01741188
5 0.9995160 0.9994620 0.9995698  3.341662   0.02559952  0.004850388  0.041258187 0.4799117 0.006577145  2.229332   0.01728313
     F1_scale1 F1_scale1_se  F1_shape F1_shape_se       u2       u1 conv2 conv1
1 -0.008348832  0.008292596 0.5060682 0.006728543 8.091332 4.481050     0     0
2  0.002555173  0.011392500 0.4853408 0.006618319 8.100448 4.475672     0     0
3 -0.013246822  0.007200251 0.5044818 0.006737763 8.116867 4.488427     0     0
4  0.009337958  0.014154849 0.4898749 0.006636993 8.098015 4.468185     0     0
5  0.007155641  0.031220600 0.5034795 0.006722047 8.105537 4.474944     0     0
Gamma_21
      estim   CI_down     CI_up F2_scale0 F2_scale0_se    F2_scale1 F2_scale1_se  F2_shape F2_shape_se F1_scale0 F1_scale0_se
1 0.7616395 0.7610305 0.7622485  2.225711   0.01725524 -0.008348832  0.008292596 0.5060682 0.006728543  3.296647   0.02542432
2 0.7504873 0.7498157 0.7511590  2.265104   0.01741481  0.002555173  0.011392500 0.4853408 0.006618319  3.318626   0.02537931
3 0.7234368       NaN       NaN  2.231302   0.01732761 -0.013246822  0.007200251 0.5044818 0.006737763  3.320109   0.02557001
4 0.7419788 0.7413205 0.7426371  2.262127   0.01741188  0.009337958  0.014154849 0.4898749 0.006636993  3.308078   0.02531116
5 0.7746490 0.7740233 0.7752746  2.229332   0.01728313  0.007155641  0.031220600 0.5034795 0.006722047  3.341662   0.02559952
     F1_scale1 F1_scale1_se  F1_shape F1_shape_se       u2       u1 conv2 conv1
1  0.005134439  0.009700816 0.4858493 0.006645900 4.481050 8.091332     0     0
2  0.003449933  0.014822534 0.4767606 0.006557953 4.475672 8.100448     0     0
3 -0.003980742  0.022567790 0.4953848 0.006647830 4.488427 8.116867     0     0
4  0.026448035  0.026674233 0.4766121 0.006564513 4.468185 8.098015     0     0
5  0.004850388  0.041258187 0.4799117 0.006577145 4.474944 8.105537     0     0

==== X1 -> X2 with confounder: ====
Gamma_12
      estim   CI_down     CI_up F2_scale0 F2_scale0_se F2_scale1 F2_scale1_se  F2_shape F2_shape_se F1_scale0 F1_scale0_se
1 0.9994853 0.9994258 0.9995448  4.175744   0.03649228  1.643788   0.02136320 0.3209127 0.005450170  2.618964   0.02243176
2 0.9994509 0.9993904 0.9995114  4.179196   0.03627985  1.555243   0.01997578 0.3165866 0.005374493  2.642720   0.02246496
3 0.9994358 0.9993813 0.9994902  4.222201   0.03714230  1.363258   0.01768668 0.3316612 0.005503497  2.672132   0.02280936
4 0.9994782 0.9994128 0.9995437  4.155186   0.03647776  1.915553   0.02433327 0.3162170 0.005407920  2.665348   0.02273972
5 0.9994854 0.9993953 0.9995754  4.209938   0.03684414  2.987920   0.03868730 0.3206857 0.005456098  2.650209   0.02266648
  F1_scale1 F1_scale1_se  F1_shape F1_shape_se       u2       u1 conv2 conv1
1 0.7255294   0.01181923 0.3848676 0.005892483 15.31764 8.085424     0     0
2 0.6868758   0.01100752 0.3686667 0.005804846 15.33345 8.099624     0     0
3 0.6135188   0.00979875 0.3737571 0.005819093 15.35341 8.098402     0     0
4 0.8444865   0.01347605 0.3681113 0.005789038 15.35448 8.098577     0     0
5 1.3386108   0.02154089 0.3773394 0.005840578 15.38049 8.096226     0     0
Gamma_21
      estim   CI_down     CI_up F2_scale0 F2_scale0_se F2_scale1 F2_scale1_se  F2_shape F2_shape_se F1_scale0 F1_scale0_se
1 0.7610287 0.7604179 0.7616394  2.618964   0.02243176 0.7255294   0.01181923 0.3848676 0.005892483  4.175744   0.03649228
2 0.7486183 0.7479602 0.7492765  2.642720   0.02246496 0.6868758   0.01100752 0.3686667 0.005804846  4.179196   0.03627985
3 0.7091530 0.7084209 0.7098851  2.672132   0.02280936 0.6135188   0.00979875 0.3737571 0.005819093  4.222201   0.03714230
4 0.7412048 0.7405438 0.7418658  2.665348   0.02273972 0.8444865   0.01347605 0.3681113 0.005789038  4.155186   0.03647776
5 0.7402013 0.7395599 0.7408426  2.650209   0.02266648 1.3386108   0.02154089 0.3773394 0.005840578  4.209938   0.03684414
  F1_scale1 F1_scale1_se  F1_shape F1_shape_se       u2       u1 conv2 conv1
1  1.643788   0.02136320 0.3209127 0.005450170 8.085424 15.31764     0     0
2  1.555243   0.01997578 0.3165866 0.005374493 8.099624 15.33345     0     0
3  1.363258   0.01768668 0.3316612 0.005503497 8.098402 15.35341     0     0
4  1.915553   0.02433327 0.3162170 0.005407920 8.098577 15.35448     0     0
5  2.987920   0.03868730 0.3206857 0.005456098 8.096226 15.38049     0     0
