==== X1 indep. X2: ====
Gamma_12
      estim CI_down CI_up F2_scale0 F2_scale0_se    F2_scale1 F2_scale1_se  F2_shape F2_shape_se F1_scale0 F1_scale0_se
1 0.4721671     NaN   NaN 0.8645901  0.005881986 -0.003585186  0.004631843 0.1924441 0.005197826 0.8527806  0.005828179
2 0.5021611     NaN   NaN 0.8554636  0.005837951 -0.005977514  0.004575486 0.2023280 0.005232650 0.8601573  0.005878593
3 0.4849029     NaN   NaN 0.8651763  0.005901322 -0.003650060  0.004581227 0.1966393 0.005225215 0.8654767  0.005918739
4 0.5161745     NaN   NaN 0.8647362  0.005907582 -0.002068158  0.004632956 0.1927416 0.005235225 0.8646429  0.005860888
5 0.5077091     NaN   NaN 0.8709149  0.005906885  0.005130288  0.004553713 0.1826066 0.005163795 0.8721252  0.005946250
      F1_scale1 F1_scale1_se  F1_shape F1_shape_se       u2       u1 conv2 conv1
1  0.0002132921  0.004530837 0.2030993 0.005246209 2.137727 2.132955     0     0
2  0.0034651820  0.004571228 0.1989351 0.005243985 2.129200 2.138490     0     0
3 -0.0028535570  0.004551603 0.1959274 0.005247598 2.137636 2.126959     0     0
4 -0.0036779093  0.004462302 0.1851514 0.005160403 2.129052 2.130034     0     0
5 -0.0021824533  0.004425212 0.1845229 0.005212996 2.130996 2.129513     0     0
Gamma_21
      estim CI_down CI_up F2_scale0 F2_scale0_se     F2_scale1 F2_scale1_se  F2_shape F2_shape_se F1_scale0 F1_scale0_se
1 0.5131139     NaN   NaN 0.8527806  0.005828179  0.0002132921  0.004530837 0.2030993 0.005246209 0.8645901  0.005881986
2 0.4925157     NaN   NaN 0.8601573  0.005878593  0.0034651820  0.004571228 0.1989351 0.005243985 0.8554636  0.005837951
3 0.5092905     NaN   NaN 0.8654767  0.005918739 -0.0028535570  0.004551603 0.1959274 0.005247598 0.8651763  0.005901322
4 0.5036230     NaN   NaN 0.8646429  0.005860888 -0.0036779093  0.004462302 0.1851514 0.005160403 0.8647362  0.005907582
5 0.4979781     NaN   NaN 0.8721252  0.005946250 -0.0021824533  0.004425212 0.1845229 0.005212996 0.8709149  0.005906885
     F1_scale1 F1_scale1_se  F1_shape F1_shape_se       u2       u1 conv2 conv1
1 -0.003585186  0.004631843 0.1924441 0.005197826 2.132955 2.137727     0     0
2 -0.005977514  0.004575486 0.2023280 0.005232650 2.138490 2.129200     0     0
3 -0.003650060  0.004581227 0.1966393 0.005225215 2.126959 2.137636     0     0
4 -0.002068158  0.004632956 0.1927416 0.005235225 2.130034 2.129052     0     0
5  0.005130288  0.004553713 0.1826066 0.005163795 2.129513 2.130996     0     0

==== X1 X2 with confounder: ====
Gamma_12
      estim CI_down CI_up F2_scale0 F2_scale0_se F2_scale1 F2_scale1_se  F2_shape F2_shape_se F1_scale0 F1_scale0_se F1_scale1
1 0.5226960     NaN   NaN 0.8858060  0.007388386 0.1656749  0.003064099 0.1209571 0.004573046 0.8852241  0.007411108 0.1683711
2 0.5443564     NaN   NaN 0.8856041  0.007292805 0.1685017  0.003013073 0.1250037 0.004505910 0.8816429  0.007257382 0.1705557
3 0.5296959     NaN   NaN 0.8902192  0.007042469 0.1669797  0.002742240 0.1210507 0.004510641 0.9024802  0.007423600 0.1691790
4 0.5531698     NaN   NaN 0.8859743  0.007346749 0.1689323  0.003087783 0.1155020 0.004558877 0.8761336  0.007238179 0.1694206
5 0.5853648     NaN   NaN 0.8773245  0.007390071 0.1752844  0.003190316 0.1136735 0.004499701 0.9148133  0.006274307 0.1573087
  F1_scale1_se  F1_shape F1_shape_se       u2       u1 conv2 conv1
1  0.003142620 0.1241073 0.004531028 3.109746 3.100255     0     0
2  0.003034913 0.1252021 0.004529011 3.104645 3.115069     0     0
3  0.003117543 0.1128077 0.004489211 3.118631 3.101713     0     0
4  0.003024156 0.1161891 0.004516936 3.100853 3.103402     0     0
5  0.001624311 0.1051799 0.004437513 3.107190 3.107165     0     0
Gamma_21
      estim CI_down CI_up F2_scale0 F2_scale0_se F2_scale1 F2_scale1_se  F2_shape F2_shape_se F1_scale0 F1_scale0_se F1_scale1
1 0.5491272     NaN   NaN 0.8852241  0.007411108 0.1683711  0.003142620 0.1241073 0.004531028 0.8858060  0.007388386 0.1656749
2 0.5220637     NaN   NaN 0.8816429  0.007257382 0.1705557  0.003034913 0.1252021 0.004529011 0.8856041  0.007292805 0.1685017
3 0.5450372     NaN   NaN 0.9024802  0.007423600 0.1691790  0.003117543 0.1128077 0.004489211 0.8902192  0.007042469 0.1669797
4 0.5396490     NaN   NaN 0.8761336  0.007238179 0.1694206  0.003024156 0.1161891 0.004516936 0.8859743  0.007346749 0.1689323
5 0.5315539     NaN   NaN 0.9148133  0.006274307 0.1573087  0.001624311 0.1051799 0.004437513 0.8773245  0.007390071 0.1752844
  F1_scale1_se  F1_shape F1_shape_se       u2       u1 conv2 conv1
1  0.003064099 0.1209571 0.004573046 3.100255 3.109746     0     0
2  0.003013073 0.1250037 0.004505910 3.115069 3.104645     0     0
3  0.002742240 0.1210507 0.004510641 3.101713 3.118631     0     0
4  0.003087783 0.1155020 0.004558877 3.103402 3.100853     0     0
5  0.003190316 0.1136735 0.004499701 3.107165 3.107190     0     0

==== X1 -> X2: ====
Gamma_12
      estim   CI_down     CI_up F2_scale0 F2_scale0_se    F2_scale1 F2_scale1_se  F2_shape F2_shape_se F1_scale0 F1_scale0_se
1 0.9991039 0.9990570 0.9991508  1.113848  0.007418001 -0.005791844  0.005814347 0.1614045 0.004986990 0.8527806  0.005828179
2 0.9991597 0.9991131 0.9992063  1.131064  0.007440140 -0.003384084  0.005948905 0.1576972 0.004875196 0.8601573  0.005878593
3 0.9990605 0.9990119 0.9991091  1.133613  0.007525114 -0.002770008  0.005750839 0.1561746 0.004951688 0.8654767  0.005918739
4 0.9991532 0.9991080 0.9991984  1.124347  0.007448653  0.004260842  0.005609745 0.1508479 0.004933899 0.8646429  0.005860888
5 0.9991110 0.9990667 0.9991553  1.131544  0.007450413  0.010679011  0.005593638 0.1432359 0.004873388 0.8721252  0.005946250
      F1_scale1 F1_scale1_se  F1_shape F1_shape_se       u2       u1 conv2 conv1
1  0.0002132921  0.004530837 0.2030993 0.005246209 3.112453 2.132955     0     0
2  0.0034651820  0.004571228 0.1989351 0.005243985 3.110734 2.138490     0     0
3 -0.0028535570  0.004551603 0.1959274 0.005247598 3.105495 2.126959     0     0
4 -0.0036779093  0.004462302 0.1851514 0.005160403 3.107172 2.130034     0     0
5 -0.0021824533  0.004425212 0.1845229 0.005212996 3.103468 2.129513     0     0
Gamma_21
      estim CI_down CI_up F2_scale0 F2_scale0_se     F2_scale1 F2_scale1_se  F2_shape F2_shape_se F1_scale0 F1_scale0_se
1 0.8240407     NaN   NaN 0.8527806  0.005828179  0.0002132921  0.004530837 0.2030993 0.005246209  1.113848  0.007418001
2 0.8004480     NaN   NaN 0.8601573  0.005878593  0.0034651820  0.004571228 0.1989351 0.005243985  1.131064  0.007440140
3 0.8215632     NaN   NaN 0.8654767  0.005918739 -0.0028535570  0.004551603 0.1959274 0.005247598  1.133613  0.007525114
4 0.8192225     NaN   NaN 0.8646429  0.005860888 -0.0036779093  0.004462302 0.1851514 0.005160403  1.124347  0.007448653
5 0.8215987     NaN   NaN 0.8721252  0.005946250 -0.0021824533  0.004425212 0.1845229 0.005212996  1.131544  0.007450413
     F1_scale1 F1_scale1_se  F1_shape F1_shape_se       u2       u1 conv2 conv1
1 -0.005791844  0.005814347 0.1614045 0.004986990 2.132955 3.112453     0     0
2 -0.003384084  0.005948905 0.1576972 0.004875196 2.138490 3.110734     0     0
3 -0.002770008  0.005750839 0.1561746 0.004951688 2.126959 3.105495     0     0
4  0.004260842  0.005609745 0.1508479 0.004933899 2.130034 3.107172     0     0
5  0.010679011  0.005593638 0.1432359 0.004873388 2.129513 3.103468     0     0

==== X1 -> X2 with confounder: ====
Gamma_12
      estim   CI_down     CI_up F2_scale0 F2_scale0_se F2_scale1 F2_scale1_se   F2_shape F2_shape_se F1_scale0 F1_scale0_se
1 0.9944726 0.9943871 0.9945581  1.414673  0.008524422 0.3284396  0.001813664 0.03416348 0.003614121 0.8852241  0.007411108
2 0.9915906       NaN       NaN  1.342243  0.007914017 0.3610184  0.002027645 0.04956493 0.003335259 0.8816429  0.007257382
3 0.9916593       NaN       NaN  1.280427  0.007636880 0.3978997  0.002274844 0.03942546 0.003483144 0.9024802  0.007423600
4 0.9927729       NaN       NaN  1.205326  0.007309246 0.4397219  0.002477197 0.03887122 0.003292077 0.8761336  0.007238179
5 0.9940101       NaN       NaN  1.289401  0.007672221 0.3990621  0.002252178 0.02750880 0.003479980 0.9148133  0.006274307
  F1_scale1 F1_scale1_se  F1_shape F1_shape_se       u2       u1 conv2 conv1
1 0.1683711  0.003142620 0.1241073 0.004531028 5.391019 3.100255     0     0
2 0.1705557  0.003034913 0.1252021 0.004529011 5.401820 3.115069     0     0
3 0.1691790  0.003117543 0.1128077 0.004489211 5.403547 3.101713     0     0
4 0.1694206  0.003024156 0.1161891 0.004516936 5.374697 3.103402     0     0
5 0.1573087  0.001624311 0.1051799 0.004437513 5.386826 3.107165     0     0
Gamma_21
      estim CI_down CI_up F2_scale0 F2_scale0_se F2_scale1 F2_scale1_se  F2_shape F2_shape_se F1_scale0 F1_scale0_se F1_scale1
1 0.8662167     NaN   NaN 0.8852241  0.007411108 0.1683711  0.003142620 0.1241073 0.004531028  1.414673  0.008524422 0.3284396
2 0.8243792     NaN   NaN 0.8816429  0.007257382 0.1705557  0.003034913 0.1252021 0.004529011  1.342243  0.007914017 0.3610184
3 0.8373688     NaN   NaN 0.9024802  0.007423600 0.1691790  0.003117543 0.1128077 0.004489211  1.280427  0.007636880 0.3978997
4 0.8345935     NaN   NaN 0.8761336  0.007238179 0.1694206  0.003024156 0.1161891 0.004516936  1.205326  0.007309246 0.4397219
5 0.8422420     NaN   NaN 0.9148133  0.006274307 0.1573087  0.001624311 0.1051799 0.004437513  1.289401  0.007672221 0.3990621
  F1_scale1_se   F1_shape F1_shape_se       u2       u1 conv2 conv1
1  0.001813664 0.03416348 0.003614121 3.100255 5.391019     0     0
2  0.002027645 0.04956493 0.003335259 3.115069 5.401820     0     0
3  0.002274844 0.03942546 0.003483144 3.101713 5.403547     0     0
4  0.002477197 0.03887122 0.003292077 3.103402 5.374697     0     0
5  0.002252178 0.02750880 0.003479980 3.107165 5.386826     0     0
