=================== SIMULATIONS: Linear scale GPD CTC distributions ===================

==== X1 indep. X2: ====
Gamma_12
      estim   CI_down     CI_up F2_scale0 F2_scale0_se   F2_scale1 F2_scale1_se  F2_shape F2_shape_se F1_scale0 F1_scale0_se
1 0.4965570 0.4952601 0.4978539  2.547564   0.01812419 0.011339422   0.01423065 0.2536911 0.005649136  2.525137   0.01799919
2 0.5244023 0.5231063 0.5256982  2.569781   0.01825011 0.006523208   0.01425794 0.2466906 0.005626059  2.519603   0.01796617
3 0.4987747 0.4974691 0.5000804  2.541904   0.01821597 0.019513150   0.01406572 0.2479178 0.005708060  2.569899   0.01822668
4 0.5198797 0.5185825 0.5211770  2.513134   0.01792012 0.014030605   0.01399695 0.2537784 0.005667593  2.549445   0.01810950
5 0.5093938 0.5080969 0.5106948  2.526518   0.01798253 0.008944544   0.01392105 0.2496533 0.005647312  2.572929   0.01822875
     F1_scale1 F1_scale1_se  F1_shape F1_shape_se       u2       u1 conv2 conv1
1  0.001891237   0.01365519 0.2449320 0.005658969 5.161805 5.172509     0     0
2 -0.002386997   0.01370528 0.2619385 0.005675230 5.199492 5.201803     0     0
3  0.004830402   0.01403016 0.2469280 0.005615390 5.186045 5.178358     0     0
4 -0.004577982   0.01375564 0.2453002 0.005626543 5.163262 5.181532     0     0
5 -0.008249656   0.01378526 0.2435520 0.005602029 5.157801 5.184426     0     0
Gamma_21
      estim   CI_down     CI_up F2_scale0 F2_scale0_se    F2_scale1 F2_scale1_se  F2_shape F2_shape_se F1_scale0 F1_scale0_se
1 0.5051496 0.5038409 0.5064609  2.525137   0.01799919  0.001891237   0.01365519 0.2449320 0.005658969  2.547564   0.01812419
2 0.4890493 0.4877480 0.4903524  2.519603   0.01796617 -0.002386997   0.01370528 0.2619385 0.005675230  2.569781   0.01825011
3 0.4969340 0.4956257 0.4982423  2.569899   0.01822668  0.004830402   0.01403016 0.2469280 0.005615390  2.541904   0.01821597
4 0.5346841 0.5333810 0.5359871  2.549445   0.01810950 -0.004577982   0.01375564 0.2453002 0.005626543  2.513134   0.01792012
5 0.4778490 0.4765273 0.4791713  2.572929   0.01822875 -0.008249656   0.01378526 0.2435520 0.005602029  2.526518   0.01798253
    F1_scale1 F1_scale1_se  F1_shape F1_shape_se       u2       u1 conv2 conv1
1 0.011339422   0.01423065 0.2536911 0.005649136 5.172509 5.161805     0     0
2 0.006523208   0.01425794 0.2466906 0.005626059 5.201803 5.199492     0     0
3 0.019513150   0.01406572 0.2479178 0.005708060 5.178358 5.186045     0     0
4 0.014030605   0.01399695 0.2537784 0.005667593 5.181532 5.163262     0     0
5 0.008944544   0.01392105 0.2496533 0.005647312 5.184426 5.157801     0     0

==== X1 X2 with confounder: ====
Gamma_12
      estim   CI_down     CI_up F2_scale0 F2_scale0_se  F2_scale1 F2_scale1_se  F2_shape F2_shape_se F1_scale0 F1_scale0_se
1 0.5443875 0.5430888 0.5456854  2.543909   0.01839645 -0.1265223  0.005922258 0.2589549 0.005688374  2.544238   0.01833226
2 0.5638804 0.5626016 0.5651593  2.585613   0.01865710 -0.1350911  0.006196654 0.2481802 0.005646931  2.555551   0.01843756
3 0.5175685 0.5162618 0.5188751  2.557031   0.01837558 -0.1042762  0.004221821 0.2480705 0.005695272  2.568262   0.01834966
4 0.5509528 0.5496861 0.5522190  2.534973   0.01821960 -0.1272797  0.005709465 0.2534616 0.005642839  2.563347   0.01842361
5 0.5550641 0.5537788 0.5563513  2.537927   0.01828726 -0.1115390  0.005320880 0.2515749 0.005678582  2.584232   0.01842447
   F1_scale1 F1_scale1_se  F1_shape F1_shape_se       u2       u1 conv2 conv1
1 -0.1281737  0.005715261 0.2453920 0.005651960 6.436138 6.439104     0     0
2 -0.1282923  0.006384990 0.2589245 0.005648462 6.460715 6.451095     0     0
3 -0.1057317  0.003976672 0.2501681 0.005649936 6.448138 6.444208     0     0
4 -0.1307857  0.005598899 0.2466009 0.005640307 6.422704 6.447186     0     0
5 -0.1161004  0.004930843 0.2444391 0.005597956 6.419482 6.449822     0     0
Gamma_21
      estim   CI_down     CI_up F2_scale0 F2_scale0_se  F2_scale1 F2_scale1_se  F2_shape F2_shape_se F1_scale0 F1_scale0_se
1 0.5532396 0.5519417 0.5545367  2.544238   0.01833226 -0.1281737  0.005715261 0.2453920 0.005651960  2.543909   0.01839645
2 0.5278206 0.5265242 0.5291199  2.555551   0.01843756 -0.1282923  0.006384990 0.2589245 0.005648462  2.585613   0.01865710
3 0.5382667 0.5369645 0.5395687  2.568262   0.01834966 -0.1057317  0.003976672 0.2501681 0.005649936  2.557031   0.01837558
4 0.5694634 0.5681769 0.5707514  2.563347   0.01842361 -0.1307857  0.005598899 0.2466009 0.005640307  2.534973   0.01821960
5 0.5266950 0.5253833 0.5280060  2.584232   0.01842447 -0.1161004  0.004930843 0.2444391 0.005597956  2.537927   0.01828726
   F1_scale1 F1_scale1_se  F1_shape F1_shape_se       u2       u1 conv2 conv1
1 -0.1265223  0.005922258 0.2589549 0.005688374 6.439104 6.436138     0     0
2 -0.1350911  0.006196654 0.2481802 0.005646931 6.451095 6.460715     0     0
3 -0.1042762  0.004221821 0.2480705 0.005695272 6.444208 6.448138     0     0
4 -0.1272797  0.005709465 0.2534616 0.005642839 6.447186 6.422704     0     0
5 -0.1115390  0.005320880 0.2515749 0.005678582 6.449822 6.419482     0     0

==== X1 -> X2: ====
Gamma_12
      estim   CI_down     CI_up F2_scale0 F2_scale0_se    F2_scale1 F2_scale1_se  F2_shape F2_shape_se F1_scale0 F1_scale0_se
1 0.9994388 0.9993998 0.9994778  3.330944   0.02331696  0.003068036   0.01772893 0.2117871 0.005470933  2.525137   0.01799919
2 0.9995137 0.9994786 0.9995488  3.356032   0.02337460 -0.001587214   0.01780283 0.2174594 0.005430408  2.519603   0.01796617
3 0.9995055 0.9994699 0.9995412  3.342473   0.02333655  0.015320166   0.01773954 0.2082095 0.005445202  2.569899   0.01822668
4 0.9995050 0.9994705 0.9995395  3.319258   0.02306315 -0.015184161   0.01746941 0.2112852 0.005399803  2.549445   0.01810950
5 0.9994985 0.9994630 0.9995339  3.337869   0.02320826  0.004494782   0.01768232 0.2104457 0.005405614  2.572929   0.01822875
     F1_scale1 F1_scale1_se  F1_shape F1_shape_se       u2       u1 conv2 conv1
1  0.001891237   0.01365519 0.2449320 0.005658969 8.614145 5.172509     0     0
2 -0.002386997   0.01370528 0.2619385 0.005675230 8.646281 5.201803     0     0
3  0.004830402   0.01403016 0.2469280 0.005615390 8.651223 5.178358     0     0
4 -0.004577982   0.01375564 0.2453002 0.005626543 8.618429 5.181532     0     0
5 -0.008249656   0.01378526 0.2435520 0.005602029 8.614406 5.184426     0     0
Gamma_21
      estim   CI_down     CI_up F2_scale0 F2_scale0_se    F2_scale1 F2_scale1_se  F2_shape F2_shape_se F1_scale0 F1_scale0_se
1 0.7817390 0.7810713 0.7824092  2.525137   0.01799919  0.001891237   0.01365519 0.2449320 0.005658969  3.330944   0.02331696
2 0.7851752 0.7845823 0.7857698  2.519603   0.01796617 -0.002386997   0.01370528 0.2619385 0.005675230  3.356032   0.02337460
3 0.8078208 0.8072608 0.8083808  2.569899   0.01822668  0.004830402   0.01403016 0.2469280 0.005615390  3.342473   0.02333655
4 0.7913329 0.7907127 0.7919531  2.549445   0.01810950 -0.004577982   0.01375564 0.2453002 0.005626543  3.319258   0.02306315
5 0.7782500 0.7776416 0.7788589  2.572929   0.01822875 -0.008249656   0.01378526 0.2435520 0.005602029  3.337869   0.02320826
     F1_scale1 F1_scale1_se  F1_shape F1_shape_se       u2       u1 conv2 conv1
1  0.003068036   0.01772893 0.2117871 0.005470933 5.172509 8.614145     0     0
2 -0.001587214   0.01780283 0.2174594 0.005430408 5.201803 8.646281     0     0
3  0.015320166   0.01773954 0.2082095 0.005445202 5.178358 8.651223     0     0
4 -0.015184161   0.01746941 0.2112852 0.005399803 5.181532 8.618429     0     0
5  0.004494782   0.01768232 0.2104457 0.005405614 5.184426 8.614406     0     0

==== X1 -> X2 with confounder: ====
Gamma_12
      estim   CI_down     CI_up F2_scale0 F2_scale0_se  F2_scale1 F2_scale1_se  F2_shape F2_shape_se F1_scale0 F1_scale0_se
1 0.9994481 0.9994169 0.9994792  3.365893   0.02424958 -0.1376336  0.007335888 0.2099194 0.005462853  2.544238   0.01833226
2 0.9995145 0.9994863 0.9995426  3.385908   0.02426872 -0.1433669  0.007400737 0.2161245 0.005423349  2.555551   0.01843756
3 0.9994893 0.9994598 0.9995186  3.398544   0.02417172 -0.1217836  0.006859296 0.2022154 0.005396612  2.568262   0.01834966
4 0.9995050 0.9994760 0.9995340  3.320192   0.02368440 -0.1376867  0.007143353 0.2136535 0.005398454  2.563347   0.01842361
5 0.9994968 0.9994676 0.9995258  3.363745   0.02400355 -0.1266953  0.007074286 0.2091573 0.005401426  2.584232   0.01842447
   F1_scale1 F1_scale1_se  F1_shape F1_shape_se       u2       u1 conv2 conv1
1 -0.1281737  0.005715261 0.2453920 0.005651960 11.27526 6.439104     0     0
2 -0.1282923  0.006384990 0.2589245 0.005648462 11.30282 6.451095     0     0
3 -0.1057317  0.003976672 0.2501681 0.005649936 11.30421 6.444208     0     0
4 -0.1307857  0.005598899 0.2466009 0.005640307 11.28808 6.447186     0     0
5 -0.1161004  0.004930843 0.2444391 0.005597956 11.27808 6.449822     0     0
Gamma_21
      estim   CI_down     CI_up F2_scale0 F2_scale0_se  F2_scale1 F2_scale1_se  F2_shape F2_shape_se F1_scale0 F1_scale0_se
1 0.7904736 0.7898165 0.7911300  2.544238   0.01833226 -0.1281737  0.005715261 0.2453920 0.005651960  3.365893   0.02424958
2 0.8075176 0.8069438 0.8080911  2.555551   0.01843756 -0.1282923  0.006384990 0.2589245 0.005648462  3.385908   0.02426872
3 0.8150503 0.8144762 0.8156241  2.568262   0.01834966 -0.1057317  0.003976672 0.2501681 0.005649936  3.398544   0.02417172
4 0.8124472 0.8118361 0.8130575  2.563347   0.01842361 -0.1307857  0.005598899 0.2466009 0.005640307  3.320192   0.02368440
5 0.7937655 0.7931517 0.7943785  2.584232   0.01842447 -0.1161004  0.004930843 0.2444391 0.005597956  3.363745   0.02400355
   F1_scale1 F1_scale1_se  F1_shape F1_shape_se       u2       u1 conv2 conv1
1 -0.1376336  0.007335888 0.2099194 0.005462853 6.439104 11.27526     0     0
2 -0.1433669  0.007400737 0.2161245 0.005423349 6.451095 11.30282     0     0
3 -0.1217836  0.006859296 0.2022154 0.005396612 6.444208 11.30421     0     0
4 -0.1376867  0.007143353 0.2136535 0.005398454 6.447186 11.28808     0     0
5 -0.1266953  0.007074286 0.2091573 0.005401426 6.449822 11.27808     0     0
